0.6489523407
0.6443425942
0.6451408291
0.675681277
0.6776358137
0.7024203253
0.7080972786
0.6912760409
0.6716294821
0.6661103373
0.7004290773
0.6854179558
0.6629713773
0.672762773
0.6466572148
0.6327377251
0.6126274448
0.5943778305
0.5473744191
0.5702548384
0.6321440891
0.6491307761
0.6582030248
0.6368846268
0.6211633675
0.624670251
0.612569875
0.6373595949
0.5925261985
0.5855852542
0.6089182734
0.5980626272
0.5524058501
0.5294505265
0.5726821838
0.5675429213
0.5511261726
0.5999453617
0.5978344596
0.6218013818
0.6224122173
0.6191346233
0.6148377887
0.5955729165
0.5938811469
0.7368331397
0.740436983
0.7673371912
0.774280514
0.6405062452
0.6764562597
0.6588141692
0.6712906635
0.6853855495
0.7241311291
0.7639816702
0.7311158098
0.7539736779
0.7909657402
0.7230472079
0.7041509277
0.7146689838
0.6907542383
0.747019518
0.7338128449
0.7009930242
0.2665856475
0.2241000063
0.62785998
0.6183493947
0.6666593811
0.6519666805
0.5957057491
0.5756641398
0.5414242865
0.568693319
0.6037748594
0.2869843479
0.3379412118
0.3878442086
0.4366098774
0.5465140403
0.4898878569
0.5309927782
0.1760764954
0.513440731
0.4631802564
0.4881963577
0.5190887839
0.4741093074
0.4916553957
0.4726628914
0.5092177253
0.5282259284
0.5089208903
0.4697021523
0.4128348339
0.322280307
0.3697826295
0.3443181581
0.3852694436
0.3021188848
0.4291091418
0.3273809071
0.2507112623
0.2092817604
0.2250636045
0.1516454492
0.1884739562
0.2622516772
0.3164473415
0.2754800549
0.2863497921
0.6082445404
0.5803270391
0.6003897455
0.585572338
0.5581517041
0.5682603877
0.5899958686
0.5786502258
0.5595929058
0.5318367874
0.4971203623
0.5644806765
0.5317516095
0.5496814249
0.5438420775
0.5124806361
0.5577931405
0.5755545671
0.575895494
0.5553532388
0.5707854207
0.5410354394
0.5459456323
0.5531727534
0.5545675434
0.5742092126
0.5651292872
0.8461533033
0.7984480744
0.8351275498
0.8244166688
0.8389566977
0.8050066779
0.8096407708
0.8648372353
0.6879470512
0.7021973424
0.7010243956
0.7249081468
0.7142129352
0.7621507411
0.7381235345
0.7359807272
0.7885946177
0.8549616799
0.8860671925
0.8470614038
0.81763118
0.7813198488
0.7967035989
0.770622371
0.8065502421
0.7811827154
0.7573652555
0.7417346352
0.06441838301
7.24690653e-32
0.1093743327
0.1410396506
0.08345996587
0.1350380445
0.1924273659
0.2453683142
0.3029053996
0.2565564358
0.2065068379
0.6160918505
0.7379691066
0.6792093322
0.71737637
0.7040519844
0.6612114123
0.6413693547
0.6043636982
0.6354977858
0.574233471
0.5864292683
0.3586198426
0.320475981
0.363891327
0.4151424376
0.4252760764
0.4603686249
0.4674082495
0.5150409939
0.4975366882
0.5473196212
0.593504843
0.5606911929
3.700065529e-32
0.05069398982
3.266916041e-32
5.43382971e-32
0.04285439807
0.03714758934
0.03049772095
4.327959409e-32
0.02843986995
2.435648794e-32
0.03334263816
2.000074179e-32
0.1389131161
0.09549753457
0.1243716071
0.08246114927
1.755834833e-32
0.02680852959
3.333976016e-32
0.02617184018
0.4784768973
0.4584876228
0.3510874774
0.4510473807
0.405891531
0.4125806951
0.4437934635
0.425290995
0.3637995139
0.3760679834
0.442626251
0.3414889969
0.3339750606
0.3660495533
0.3064270514
0.2067630471
0.2553435828
0.2394159782
0.174796272
0.229646414
0.1595988238
0.2024350995
0.301952245
0.2784991179
0.2697519264
0.246581626
0.5218739865
0.538389234
0.5487524579
0.5300750923
0.4979355237
0.5224873623
0.5037904002
0.5136093098
0.4781598444
0.4638385391
0.5117771757
0.507354243
0.4960521406
0.5253854812
0.4952953282
0.5375161729
0.5218064137
0.5383640524
0.5236625485
0.5083095949
0.5371824255
0.5199920696
0.5342037811
0.529017881
0.5133501629
0.5210298562
0.4933599858
0.9220090201
0.8789588961
0.8837572844
0.8727785222
0.9198467809
0.9218598816
0.8936628951
0.8806767083
0.9184603119
0.9517464771
0.9204247533
0.9477214177
0.7616519064
0.7623381253
0.79998352
0.812719406
0.8217116823
0.823150348
0.8700960236
0.8374020628
0.8109285859
0.8785701765
0.8253476631
0.8532839631
0.8372041998
0.8538853756
0.8647675485
0.8878790356
0.811658098
0.7970786603
0.7710346419
0.7623293774
0.7265356714
0.8387313355
0.2199477503
0.09509471909
0.05160932811
0.1230997375
1.140711693e-31
0.1738095675
7.286219006e-32
0.1589359641
0.2381018988
0.2749388324
0.2762269594
0.3250118636
0.7303281585
0.6777534485
0.6880536072
0.6611347737
0.6466869409
0.6067832452
0.5829533062
0.6296337545
0.4144302532
0.373418047
0.3315146906
0.3809999474
0.4550697314
0.4284749197
0.4962465369
0.4684494961
0.5102586409
0.5538930611
0.532597242
0.02449219127
1.612948675e-32
3.119659746e-32
0.02520682063
0.05167780976
0.189063015
0.06629430874
0.1027941761
0.1123189479
0.0890296518
0.05691910216
0.05376452236
0.09505663223
0.07336895193
0.08445451548
0.06098946669
0.1717341894
0.1363296961
0.1473374388
0.08105751595
0.05024258961
0.0784406505
0.07638057229
0.04883187357
0.4098811479
0.4285596155
0.4472212786
0.3879676752
0.3576374637
0.4141303042
0.3941931613
0.3690105329
0.3291371629
0.3240793499
0.3079480386
0.2082429911
0.2260433012
0.2401562304
0.2593756629
0.3067168519
0.2881990648
0.2701764149
0.491438337
0.478576112
0.4712825556
0.4865976635
0.4796386727
0.4708904619
0.4844731462
0.4694441703
0.440356575
0.4630061588
0.4341079022
0.4562651433
0.508983555
0.508477452
0.4979278304
0.4972825687
0.4927588397
0.5046515804
0.5072755367
0.4951657752
0.4999404707
0.4883408253
0.486752949
0.4766106426
0.4667961038
0.4765119474
0.4651474819
0.9608146611
0.9999345106
0.9662621805
0.9783414372
1.008214063
1.010526887
0.972340986
0.9225676646
0.9568599137
0.9616941047
0.9128029258
1.019807926
1.023411452
0.9927422945
0.9854433427
0.859688759
0.8720013172
0.8338253324
0.9134432501
0.8548868656
0.8931778718
0.9071435628
0.9242719815
0.9609066685
0.9244897542
0.9006800881
0.9559839423
0.9517971301
0.9985751705
0.9503949302
0.9892283421
0.8923086226
0.8632718015
0.9462727784
0.9355245372
0.80423171
0.7556093032
0.7284796515
0.7843843882
0.8311360363
0.9081007148
0.7761300189
0.8286127661
0.04822394132
3.212123625e-32
5.675554824e-32
0.04713306647
0.195821805
0.2400681541
0.09291310729
0.1432247683
0.1919876547
0.1480986605
0.09466270286
0.2822873635
0.2897682193
0.2398355609
0.3385888038
0.625187835
0.6290844286
0.5792810201
0.6669917824
0.6916888398
0.5798912511
0.5349995699
0.4444953221
0.3984553737
0.3538146888
0.4194322179
0.5298177744
0.465314391
0.4849311226
0.07474551649
1.531070015e-32
0.02366070305
3.00297852e-32
0.02394239981
0.04777390148
0.0736165247
0.04706097145
0.1132749038
0.1091341303
0.1931455634
0.1514873786
0.1191724752
0.1817141215
0.1273822948
0.1617771906
0.144449389
0.2253436871
0.1396376525
0.1031324377
0.1328293278
0.1057789329
0.0995856103
0.1303154832
0.1010870338
0.2134014588
0.38106129
0.4110986962
0.3618532984
0.401403622
0.3086692623
0.3233928138
0.254060941
0.2760573254
0.3470564988
0.2907792666
0.2410752251
0.4534701758
0.3934058613
0.4290699907
0.4536221803
0.4399668244
0.4055489466
0.454353948
0.4534235042
0.4384105667
0.4200102826
0.4249233324
0.4415136086
0.433090552
0.4824781192
0.4785644887
0.4858710299
0.4882014014
0.4816389501
0.4817295163
0.4884506419
0.4741925621
0.4670246901
0.4659894389
0.4444516203
0.4769585759
0.4539665473
0.4554421185
1.039018176
1.043295118
1.077861321
1.086993559
1.054084965
1.048533605
1.084855744
1.034350211
1.001628219
1.039869377
1.011129158
1.095649552
1.0609477
1.101052989
1.068258201
0.9487794871
1.003256452
1.01542346
0.970285655
0.9938642058
1.04909387
1.045910641
0.9970801351
1.053297861
1.061531052
1.02285628
1.035450442
1.087089917
1.078352459
1.090412993
1.051313266
1.068488167
1.053565728
1.105332169
0.9192841098
1.036127919
0.9897369006
0.9851751163
0.9036463737
0.7207288094
0.6567702263
0.6962132566
0.7730503866
0.8051017619
0.8353503394
0.7559115748
0.09494114323
0.04715669272
0.09310482654
0.1442682835
2.871760444e-32
5.809171575e-32
0.04807533232
0.1919434659
0.1986165942
0.2482185718
0.1472082501
0.3034346348
0.374495537
0.2594824777
0.3242156586
0.4024991134
0.5816078852
0.5618911713
0.6219667481
0.4458411087
0.4903487516
0.5191847527
0.02345348817
2.96758613e-32
1.493139054e-32
0.02339068148
0.4505471613
0.1284520485
0.09859114763
0.07289298189
0.04673005816
0.1271522286
0.09827145506
0.07289697355
0.04662424728
0.4295111493
0.442524661
0.4261106423
0.438692994
0.1642790398
0.2038201026
0.1948820959
0.1733488047
0.1855559319
0.1882869926
0.1557608158
0.1581904799
0.2558564721
0.2225994119
0.2315080797
0.2647491711
0.3483285875
0.3675705845
0.3833171014
0.3336851685
0.3159412861
0.2853715466
0.2959133152
0.4128180592
0.3828891379
0.426084109
0.4168132427
0.4005310615
0.367018693
0.3972850899
0.4148070294
0.4107734256
0.3989919683
0.3937357566
0.4740240012
0.4773653741
0.4680808695
0.4737818587
0.4750709438
0.4766792821
0.4706511467
0.4570899542
0.4533580033
0.4596299314
0.4651088528
1.153721688
1.11614477
1.119764813
1.159827461
1.16357713
1.124640405
1.131325122
1.077337671
1.111919594
1.125748811
1.103776971
1.132142871
1.159778523
1.116760136
1.152853633
1.153916688
1.13972865
1.173182248
1.181773981
1.111819941
1.288852851
1.149979764
1.208588566
1.167500486
1.128924922
1.239950549
1.089988276
1.147144695
1.112656218
1.099946844
1.146066543
1.09904914
1.144963607
1.111978686
1.165128412
1.145481281
1.127974529
1.194119287
0.4751551336
0.4742215705
0.4772986145
1.242993432
1.195549423
1.186013608
1.146956066
1.128804566
1.062052285
1.093925436
1.038104942
0.9970227507
0.92494903
0.8788755953
0.9792174922
0.6765157405
0.7698984121
0.6672334933
0.6093590294
0.7168461451
0.7337241409
0.8086826134
0.09818436481
0.04982686804
0.1549007012
0.1029435854
0.05240222748
6.360687981e-32
3.041058216e-32
0.6142413148
0.2812491651
0.2259985728
0.2097079532
0.1626802321
0.5560780745
0.352918727
0.3043712458
0.381732364
0.4505784964
0.485757732
0.541203056
1.238622688
1.290921202
1.362183546
1.298436144
1.348313968
1.417539144
1.459698574
0.02346570731
1.492751329e-32
3.003722159e-32
0.07313693153
0.04719670329
0.02368546122
0.04677995975
0.4414215819
0.4525337549
0.4353907943
0.4471041219
0.1839082912
0.15411272
0.1268360224
0.1544132452
0.07377966135
0.1839263213
0.09888141991
0.09967959277
0.1274854046
0.4053157356
0.4282297743
0.4128781271
0.4206353289
0.4225759489
0.2407178152
0.211506271
0.2121008757
0.2417536232
0.2126862828
0.2483895025
0.2162561815
0.2781676479
0.3265847659
0.3553323371
0.3347967387
0.3002660628
0.2698962048
0.3081566294
0.379942397
0.395364104
0.37352849
0.3669839768
0.3871519101
0.3762335768
0.3487482657
0.2414328751
0.3871808047
0.4658951549
0.4734879786
0.4767736602
0.470996996
0.4688360275
0.4611307374
0.4486396656
0.4581867582
1.194863452
1.225589888
1.190224839
1.210730431
1.232534257
1.201419582
1.235890206
1.170968877
1.199116243
1.207039606
1.178907276
1.237713666
1.216786334
1.188876126
1.218537454
1.254919704
1.231517592
1.247744467
1.222792755
1.18820717
1.202751787
1.186032646
1.165927165
1.457973477
1.343044375
1.420563412
1.418223695
1.290743213
1.244261657
1.35156573
1.228816827
1.25703356
1.27918355
1.215507117
1.268539034
1.226278752
1.235014261
1.20052401
1.217258143
1.248555338
1.259427082
1.279874367
1.454869058
1.514952213
1.545785587
1.503969052
1.495202567
1.561852835
1.636187845
0.4812284941
0.4883836768
0.481794111
1.170628296
1.221486422
1.14858915
1.097625528
0.9389154179
1.019244299
0.9857125952
1.066550312
1.20281489
0.8559006906
0.7738437248
0.6919421534
0.8973435623
0.8332604282
0.6398052209
0.7402158403
0.688464958
0.8795161932
0.1094360532
0.1787469714
0.05609168856
0.1183946299
7.486504487e-32
3.456888011e-32
0.06118700855
0.5798787223
0.5228783615
0.4999768538
0.5964787728
0.3341983683
0.2423574392
0.2485550529
0.1937676301
0.5415916851
0.4195020467
0.4305288445
0.3401852182
1.278223558
1.343798066
1.340921056
1.260950496
1.896951625
1.461434667
1.415801424
1.486982428
1.408085671
1.504586042
1.542605725
1.590877956
1.593030427
1.508930075
1.687530372
2
1.947540666
0.04889417894
3.119091173e-32
0.07478912943
1.530723764e-32
0.02455810036
0.02404309651
0.04789291938
0.025281685
1.613663473e-32
3.332509425e-32
0.4308212015
0.4404429182
0.451806129
0.4361131341
0.07628847815
0.2440066274
0.1028337303
0.1575099762
0.185507789
0.1548289015
0.1009671843
0.1896056278
0.2148793555
0.128467418
0.1319816786
0.2322916464
0.4221188555
0.4059172601
0.4102417333
0.4259978912
0.3891671711
0.4376357807
0.4159510175
0.2600513569
0.2955171209
0.297777107
0.2951087836
0.3188222618
0.3668000465
0.3441004342
0.2867802055
0.2680306281
0.267348996
0.3211473722
0.3656074144
0.2704760242
0.3448810711
0.3475324576
0.3951396286
0.3729554612
0.3696871652
0.4784819388
0.473900417
0.4860131469
0.4885269817
0.4592698692
0.4668570872
0.4822786689
0.4763899222
1.25943594
1.29177716
1.263039962
1.268757901
1.297454358
1.299445617
1.275742804
1.242496466
1.266056785
1.261743003
1.276820628
1.28566393
1.314485206
1.297669241
1.298876244
1.285203821
1.295720491
1.314455891
1.308598593
1.328577773
1.474128415
1.496884792
1.353802105
1.256488891
1.237572386
1.264356979
1.286190984
1.393135977
1.445950823
1.419945035
1.507469241
1.298357575
1.334853254
1.320434999
1.301946353
1.311928209
1.272726944
1.347901904
1.345450718
1.294731015
1.329769086
1.563789747
1.541704831
1.580574792
1.618832485
1.665259504
1.654418995
1.531391483
1.601342581
1.58457715
2
2
1.950122529
1.724760392
1.798012008
1.841366379
1.675639102
1.74478852
1.696398022
1.852632125
1.951870779
1.904954753
1.901727447
1.712977474
1.758740767
1.710039789
1.7566056
0.4978017382
0.5084209248
0.4973365669
1.324570764
1.120157077
0.9457993264
0.9388525705
1.096855498
1.035113519
0.9991707131
1.175282895
1.236667695
1.156984651
1.247523267
0.5481472488
0.8070427733
0.6254976626
0.86719698
0.7221746165
0.610535075
0.6885807078
0.7822551696
0.9313093322
0.9962834158
0.9263411008
0.8489688201
0.0686423626
0.1305802681
4.716916319e-32
0.1812164021
0.08173939347
1.178810698e-31
0.5300465304
0.4609521468
0.2346748168
0.4559254943
0.1479933455
0.4721230476
0.242387695
0.4549518857
0.348016386
0.376052427
0.3816610617
1.417455362
1.410609948
1.4768608
1.343908678
1.472531931
1.943836496
1.832455937
1.779857095
1.740681297
1.820851737
1.890455833
1.881428267
1.580438956
1.543800486
1.564977725
1.638148153
1.569162923
1.649059074
1.640214996
1.717611821
1.775346942
1.697251704
1.938703295
2
2
0.02623093146
0.05024228921
0.07821652945
0.05191108767
0.08116479701
1.757786654e-32
0.02717261362
3.69780803e-32
0.4580785135
0.4703748242
0.4493257964
0.435830415
0.4452733145
0.1058598572
0.1094989605
0.1353051537
0.1405820086
0.2785502511
0.167966626
0.2092167778
0.2424363029
0.1986875948
0.2504852951
0.1626518391
0.2703430442
0.4247928814
0.4191083754
0.4323365708
0.4080274725
0.4003993031
0.3036152609
0.3284392587
0.2966228529
0.3123564899
0.3505313412
0.3220065864
0.3219533353
0.360557328
0.3863164657
0.3781773207
0.3172515355
0.5077266023
0.4963764815
0.4940518898
0.5100285726
0.5004028533
0.4811891491
0.5066144679
0.4898667358
1.322240097
1.324194664
1.350925069
1.354736708
1.328246426
1.3555347
1.333765359
1.309116387
1.327110398
1.336900821
1.323414066
1.341055136
1.353214278
1.367131992
1.359358033
1.387239626
1.362992599
1.341672178
1.350743828
1.367732611
1.57847885
1.522273691
1.53546033
1.547841224
1.42961293
1.381499636
1.384376387
1.404174312
1.405485401
1.467200798
1.370108057
1.335613427
1.416963747
1.461076145
1.48496541
1.475173176
1.512704465
1.410061464
1.417296801
1.363421238
1.39378332
1.499505345
1.417362677
1.351472038
1.386591973
1.681392256
1.666631851
1.725472868
1.755217266
1.617124983
1.712007784
1.62644229
1.561236594
1.63496064
1.665676417
1.597577202
1.607516552
2
2
1.952781954
1.807888699
1.856565941
1.855561617
1.807784747
1.906773051
1.95279624
1.906931041
1.803947102
1.767240329
1.829353617
1.851570505
0.5227939481
0.537453038
0.521864447
1.322564197
1.257395507
0.9968703569
1.064492109
1.237541572
1.178724897
1.159165451
1.077042907
0.6792599647
0.5443514298
0.5971300844
0.6286932201
1.00496402
0.790768274
0.7119009613
0.8376332981
0.7558527604
0.8798362844
0.958441567
0.9215085915
0.57873433
0.3946213666
2.083556021e-31
0.1668458936
2.434498798e-31
0.4888472806
0.3904908592
0.5107160985
0.2931070289
0.2851216789
0.1337608927
1.305487165
1.392901577
1.367825335
1.455662708
1.482516969
1.581132329
1.646656731
1.554602823
1.674432129
1.869062207
1.918061505
1.732968462
1.808894615
1.755666254
2
1.836852084
1.931190627
2
0.08467436489
0.02879524696
0.05729871277
0.05423196327
0.1139841436
0.1194960931
0.0892619274
0.1458786381
2.002295044e-32
4.320795057e-32
0.03083052637
0.461392282
0.4921932124
0.4697348915
0.481974413
0.4510668458
0.4618938068
0.475283663
0.4382686688
0.1756051421
0.1898105635
0.1522793527
0.2069051329
0.2646454454
0.2907722812
0.311862184
0.2774182383
0.2486749297
0.2214186054
0.2353054579
0.4501636416
0.3023965211
0.4078277289
0.3318334262
0.35531693
0.4229407884
0.433686673
0.39597772
0.340416951
0.4019483938
0.3559691991
0.3702259221
0.3861327405
0.333153885
0.3361326968
0.5370537339
0.5216828062
0.5187461111
0.539883689
0.5356372016
0.5287711922
0.507118328
0.5136100118
1.377466769
1.378077553
1.399935014
1.402046163
1.380744188
1.405998952
1.404307485
1.385040837
1.442090567
1.423986696
1.424327742
1.444530809
1.362514281
1.378713041
1.387305738
1.375202701
1.390953224
1.414288566
1.401812455
1.407344053
1.447454253
1.448745582
1.427188148
1.432330159
1.399488257
1.391633801
1.419552691
1.414307739
1.470420909
1.471590332
1.452492996
1.555493432
1.488223421
1.441770937
1.524820075
1.493287704
1.52321793
1.431210334
1.495949743
1.475647544
1.490946644
1.453670227
1.486440496
1.553412078
1.693378964
1.755184229
1.733767279
1.785054039
1.62051021
1.586992252
1.659440986
1.712541182
1.679834107
1.640673612
1.588605146
1.880182537
1.948408761
2
2
1.905115261
1.951706379
1.905103534
1.843733523
1.804506709
1.872968675
0.5560668604
0.5754889965
0.5554153147
1.210354623
1.181306527
1.270873471
1.047229409
1.149052789
1.118736429
1.090540103
0.7507405932
0.6656889484
0.6039525385
0.7166460869
0.9999643536
0.8344860111
0.917418277
0.8048097735
0.9999321133
1.07283314
0.9135357138
0.6595994653
0.5414007775
0.2899066618
1.017843006e-31
0.2733499643
0.4026669663
0.4192104908
0.5276546802
1.970465703e-31
0.1383287963
0.1484707636
1.334231756
1.242688887
1.424752355
1.395907666
1.520250662
1.615529876
1.615529783
1.492097717
1.717192125
1.839250043
1.869303131
1.720853258
2
2
0.06121006601
0.06608254799
0.09478136633
0.0336399541
0.1681592858
0.1262358484
0.1023128311
0.1359540531
5.440894887e-32
2.433592664e-32
0.03663710752
0.4885417342
0.5238555585
0.5132545835
0.4982877245
0.4910158445
0.4636342813
0.5051118914
0.4763393812
0.4798871302
0.1991431233
0.1815589236
0.208811565
0.238889022
0.3003415193
0.255778226
0.2248622292
0.2652650442
0.2810501825
0.3563968535
0.4328741916
0.4483533693
0.4625299685
0.4126452639
0.3172724469
0.3322673741
0.3517218001
0.3926049135
0.3771719777
0.3737685611
0.5515524554
0.554696344
0.5740813873
0.5778222973
0.5394971028
0.5648820131
0.5725929207
0.5461942158
1.462369699
1.461521542
1.476224779
1.478081424
1.425672833
1.44671055
1.429096515
1.445316089
1.453937735
1.434752573
1.458847804
1.441730177
1.462702698
1.479894159
1.465681117
1.47885698
1.40988168
1.421226784
1.431619318
1.440286288
1.435395602
1.468122138
1.4501939
1.487397347
1.468041424
1.456036921
1.502757422
1.451129531
1.461492785
1.478009774
1.469808701
1.5445525
1.516356732
1.525765547
1.556652309
1.508260068
1.524750873
1.558415262
1.541356877
1.56142768
1.521398956
1.557265773
1.636861677
1.625224217
1.587309631
1.588608825
1.828681497
1.783408899
1.729921248
1.771775003
1.715462884
1.676346325
1.741033523
1.695585883
2
1.932766518
2
1.954326709
1.900410137
1.83447446
1.890448383
0.6223442907
0.5978206651
0.5979027562
1.148765306
1.075986014
1.191142119
1.29846635
1.114586878
0.6488246105
0.7746812743
0.7672938764
0.8877778239
1.000006768
0.9999404126
0.8840397893
1.84671053e-31
0.5133109553
0.5182661728
0.3928485055
0.6411322741
0.1330997767
9.336984529e-32
9.640863084e-32
1.891154097e-31
0.1283516054
0.1303281455
0.1270240732
0.2642322321
0.3877997795
0.2595659268
1.458461448
1.347472241
1.581915765
1.47228878
1.712423311
1.597229203
1.852117224
1.726927638
2
1.86161379
2
0.1628520631
0.1131588782
0.08285897154
0.126165213
0.07323393602
0.1495325605
0.04239285877
0.1418951732
3.226075989e-32
7.215284814e-32
0.05031192703
0.5203827805
0.5598571127
0.5484008657
0.5304186925
0.4945968076
0.5400202078
0.5249488377
0.5077799565
0.5133493898
0.2152120524
0.2285875885
0.1792327405
0.1842957115
0.4947921526
0.4485401477
0.4623948963
0.4786474479
0.2754239073
0.2881207572
0.258846358
0.2456336528
0.3010148395
0.3719541862
0.4279969752
0.4146000635
0.3130758634
0.3726218641
0.3397760972
0.3385347538
0.3964629085
0.3934077668
0.4800049126
0.3056887256
0.5918889523
0.6190101195
0.5957004464
0.6241207927
0.5858176625
0.6170126286
0.6080013078
0.5784489102
1.518163071
1.501963724
1.490906083
1.50260868
1.491412562
1.511441005
1.511690019
1.518253408
1.508026847
1.495234356
1.504728993
1.492613378
1.486536788
1.496095838
1.501949187
1.491575668
1.4773972
1.470866765
1.486276065
1.499950961
1.514180521
1.511551464
1.506526247
1.492529666
1.503831089
1.488104654
1.521723648
1.536045928
1.474496364
1.504587154
1.51329226
1.528609506
1.521308807
1.508447694
1.552668723
1.619892308
1.585079049
1.578509034
1.614038189
1.58576595
1.602107157
1.571362199
1.647977113
1.670721772
1.692790019
1.695300403
1.658864335
1.790631083
1.848172894
1.758442602
1.798085735
1.731282334
1.766074967
1.731391681
2
1.849098242
2
2
1.962863749
1.957184139
1.966657121
2
1.949449479
1.875650548
1.917531674
1.904413568
1.522526639
1.524736373
1.525823391
1.523218162
1.522598709
1.525720387
1.524815711
1.529173498
0.6477828526
0.6728658942
0.6490203664
0.6775771056
1.117720753
1.234101771
1.238057209
1.356205419
1.119519079
0.9999545
0.9999780906
0.761873501
0.8792383
0.7579980459
0.6368829095
0.8812665618
0.1258461469
1.829585518e-31
9.189212361e-32
0.1263028373
0.3781053771
0.2539138172
0.2515554213
0.2523831633
0.5096526126
0.2564337735
0.6296372904
0.6328392166
0.5056779476
0.3836869608
0.3800474452
1.60711188
1.361068307
1.481637698
1.613487409
1.487971081
1.740931384
2
1.73573903
1.866887137
2
1.869956791
0.06394943696
0.09709025904
0.1446258681
0.1113427436
0.1720192471
0.1926175936
0.213487779
0.2389189764
0.09013510468
7.292602028e-32
0.0547966898
0.09764260447
1.152290317e-31
0.568605606
0.5896475998
0.6024349525
0.5578005629
0.5301203609
0.5442708946
0.5805907055
0.5640422518
0.4954705273
0.5312394341
0.5515241155
0.5129751111
0.3195622623
0.2774413415
0.2931965778
0.2589763156
0.4579553494
0.3803202763
0.443113756
0.34274231
0.3298367649
0.3989378997
0.4358687297
0.3542491528
0.4112244707
0.3752873639
0.4910728196
0.4537198295
0.4746631056
0.5151876733
0.337532771
0.37776804
0.3586267147
0.3964817318
0.6444667021
0.6715120303
0.6395970626
0.6632328451
0.6579676676
0.6239582082
0.6461756647
0.6323852297
1.526132926
1.530458871
1.51811985
1.514019154
1.521322328
1.525913328
1.531186841
1.524269913
1.53330274
1.533769929
1.524577714
1.536940767
1.529006422
1.515405996
1.534730585
1.520245297
1.538782745
1.523380602
1.536876574
1.543623563
1.565776803
1.559521802
1.570629496
1.561485397
1.55429532
1.546281076
1.969496894
1.971552872
2
2
1.703431924
1.598502238
1.679508323
1.588764671
1.629901359
1.636895445
1.61626445
1.657048604
1.706419146
1.651675168
1.671569104
1.730142084
1.802535973
1.830669445
1.795243239
1.760051655
1.763071565
1.730706373
1.938997155
1.904921084
1.85256349
1.943065534
1.897180498
1.933699583
1.926640641
1.816987971
1.86360306
1.887661958
1.97381955
2
2
1.973183392
1.518097135
1.518863206
1.523250545
1.511510897
1.529026729
1.538607479
1.531962781
1.534769805
1.534202392
1.526700053
1.537068373
1.502551011
1.511643458
1.502421741
1.49147301
0.7336992661
0.7403906517
0.7081567461
0.7054079537
0.6943193074
0.7209452982
0.7005500941
0.7310055829
0.7698315706
0.8027777382
0.8096064174
0.7743362302
0.8461826314
0.8762602573
0.883704573
0.9608514155
0.917143484
0.9220710908
0.8418581294
1.121300524
1.365771654
1.243587814
1.24109075
0.8778330901
0.8768732906
0.9999735003
0.9999837022
0.7535050326
0.7553078396
1.122335256
1.822636048e-31
0.1252581372
9.105867223e-32
9.129513421e-32
0.1255521855
0.1253838488
1.819817379e-31
0.6280426242
0.7522960659
0.7516361776
0.8762321759
0.3763251731
0.6271606189
0.3770245131
0.5021727018
0.2510132381
0.503316657
0.2507071938
1.368424913
1.87181637
1.494867723
1.619915292
1.744243571
1.492158999
1.746069015
1.617571145
2
1.872847773
2
0.1534371835
0.1499896432
0.1993176566
0.2397090265
0.2795057338
0.2516182867
0.2105740438
3.208593273e-32
0.04962966682
5.671251784e-32
0.05089289374
0.09774904538
0.1649032726
0.236653888
0.1804452275
0.09992596486
0.1522845721
0.2224684774
0.1320641604
0.04957747532
0.05047650308
5.811329818e-32
2.869532706e-32
0.6370164892
0.6216378413
0.6129148005
0.6009367587
0.5323941576
0.570470782
0.608478213
0.5860204344
0.5894429598
0.5721584593
0.5516374328
0.5493134896
0.3348757395
0.2914626993
0.3589968362
0.3132094662
0.3838869529
0.4713774404
0.429036647
0.4151533108
0.4232172867
0.5008860109
0.5094558548
0.4000230082
0.5276713627
0.4480693927
0.4567121983
0.7008911602
0.6856556873
0.6758791771
0.714443902
0.6904180414
0.6633160966
0.6498479021
0.673117346
1.542602893
1.549107325
1.538841764
1.543164964
1.552440135
1.572041545
1.562280381
1.545914378
1.55648418
1.575624818
1.559583262
1.589144437
1.579850681
1.61106859
1.617154482
1.612764993
1.616582161
1.589479943
1.594853504
1.946218927
1.915516775
1.948304853
1.910944825
1.75459534
1.685314266
1.727426343
1.692608477
1.662065674
1.653252706
1.716186439
1.751931248
1.828704011
1.785788581
1.781584888
1.880788286
1.872594198
1.846104621
1.806814975
1.918913635
1.974784713
1.975499642
2
2
1.921531169
1.92359329
1.951151479
1.949740277
1.478028309
1.490278815
1.47709729
1.462438111
1.444474913
1.424400626
1.443823315
1.460007131
1.552453659
1.551678794
1.52187734
1.526265208
1.51447653
1.531558662
1.542011738
1.54569863
1.539107443
1.507781832
1.51792874
1.492630962
1.504252963
1.004824804
0.9586614343
0.9999115032
1.039036657
0.9604035282
0.7554633288
0.7867399216
0.7987306223
0.7632223076
0.7339036658
0.7791229135
0.7451830093
0.761512746
0.826486574
0.8730933797
0.9044962532
0.8358067832
0.8635852779
0.9322078611
0.9110016446
1.116183786
1.082729931
1.04670941
1.07784751
1.401986276
1.422067224
1.402068337
1.377544159
0.1251835758
0.1251359686
1.819146984e-31
9.097280264e-32
1.12322825
1.246719933
1.370676738
1.245403105
9.097145675e-32
0.1251420375
1.819883366e-31
0.1251270253
1.123733625
0.8758759619
0.9999872623
0.9999801582
0.2503257997
0.3759247075
0.375567625
0.2504974863
0.5008551008
0.6260139472
0.6264180344
0.7511613405
0.5014202907
0.750831071
0.8755752266
1.497560552
1.371927759
1.621701591
1.496650497
1.622603079
1.748255233
1.8736169
1.747325522
2
2
1.874101858
0.3260004074
0.3226056029
0.2800171212
0.2706323828
0.1538181625
0.09930941059
0.1508176139
0.09765524838
0.2498898746
0.2535494043
0.2948513719
0.3009202306
0.2007949227
0.1995939543
0.3423373483
0.05225262614
3.041643875e-32
6.361978197e-32
0.05359324616
0.1024029422
0.1063743306
0.158167036
0.1634263291
0.6331820065
0.637115166
0.6158636822
0.6583725077
0.5680700278
0.6178141649
0.5923090708
0.5479946271
0.5949084122
0.5222427487
0.5735022851
0.3739208504
0.4136186444
0.367778886
0.4161675349
0.4584292024
0.47384832
0.4532378879
0.5434946712
0.4918115081
0.5245615661
0.5117813743
0.4842344945
0.7495991961
0.7044900869
0.7196565468
0.7410649905
0.6664723423
0.6858233307
0.6992093582
0.7257079045
1.564860939
1.60058686
1.576208734
1.572295424
1.588966319
1.562397899
1.578342186
1.581892818
1.607265571
1.671749095
1.660016741
1.622338425
1.644841853
1.634034242
1.643380605
1.628140215
1.88668153
1.859771365
1.854162263
1.890825089
1.687960783
1.73716429
1.776721246
1.77372515
1.799837658
1.735155899
1.704029415
1.714538659
1.794051264
1.822526226
1.829601867
1.976050042
1.976420008
2
2
1.867131729
1.864009254
1.896832344
1.894179361
1.952957938
1.869644683
1.926360435
1.925230113
1.952209651
1.898880985
1.900385079
1.478209836
1.495156485
1.481141471
1.462837094
1.425808123
1.448337748
1.464253407
1.445193631
1.578270369
1.570034204
1.55687833
1.564286122
1.549240985
1.524828534
1.533049381
1.560728255
1.550653219
1.540634122
1.54105962
1.519236405
1.513511456
1.501602801
1.531062067
1.585868085
1.123621999
1.153699011
1.190278928
1.158609234
1.010520353
0.9840777239
1.016307517
1.049977088
0.7760367574
0.9268463644
0.9878319261
0.9554193218
0.9565348547
0.8147174943
0.8132774994
0.7815749033
0.8310943299
0.8550957023
0.8448533613
0.8000127611
0.9259014741
0.8897538847
0.8963204572
1.09541275
1.059059459
1.088852108
1.12743875
1.230052817
1.259495568
1.197654404
1.225552218
1.294478663
1.291729641
1.266186306
1.322310119
1.350867506
1.352105043
1.375767593
1.327021527
1.40418851
1.407999893
1.427296534
1.380878287
1.822625584e-31
0.1251840454
0.1252485558
9.105800847e-32
0.1253674151
0.3753157637
0.3753816864
0.2502450701
0.2502353002
1.372757445
1.124156715
1.248680927
1.247671703
0.3753608613
0.3754613697
0.2502684674
0.3753095002
0.2503394661
0.9999920598
0.9999899277
0.8754102602
1.124519319
0.8752743346
0.6256183571
0.5003998865
0.62547431
0.5005379304
0.7505980251
0.750448429
1.373739432
1.498225922
1.623435408
1.498939548
1.748859845
1.874413126
1.624066395
1.749284713
1.874631439
2
2
0.4286831599
0.3505789106
0.4141831671
0.3846186627
0.4002957124
0.2723290104
0.2093043829
0.2639494611
0.2165909535
0.3224121676
0.3125874452
0.3713998248
7.492374789e-32
0.06291850013
0.1127791302
0.1732842913
3.472637549e-32
0.1226190856
0.05749462125
0.07082686448
4.747012804e-32
1.191375269e-31
0.1860780793
0.2697120216
0.2284639355
0.2862331014
0.6190595663
0.643043667
0.5904164848
0.5789154785
0.6570993299
0.678797879
0.6317485175
0.6265232363
0.5416395346
0.4565710821
0.5192069256
0.5434830172
0.4942752449
0.4676241195
0.5180116773
0.5656980556
0.5984531592
0.5659996472
0.6989136413
0.7690431998
0.8103957695
0.7974405194
0.7168820045
0.7451241697
0.772845446
0.7447470865
1.598130212
1.61108691
1.595358404
1.613061837
1.613190995
1.59538375
1.612036975
1.593206087
1.634260955
1.650701886
1.655567958
1.632300536
1.67090886
1.678475026
1.700090306
1.694748592
1.835029114
1.751524604
1.744062802
1.777333583
1.839025145
1.80852015
1.721757945
1.768427184
1.800540007
1.72742793
2
1.976651569
1.976602064
2
1.927120392
1.953422867
1.927222577
1.95349988
1.811669369
1.844493816
1.871507169
1.841762863
1.872829456
1.901695701
1.901384385
1.486287062
1.492779262
1.505939114
1.471121837
1.476036896
1.453696483
1.435007463
1.460393374
1.515942661
1.575231337
1.560567061
1.563074827
1.550549229
1.575737602
1.585466916
1.540582829
1.526985215
1.548666738
1.534059422
1.612995248
1.585500918
1.59703323
1.608762131
1.601885933
1.136988486
1.165326749
1.170393709
1.20174275
1.023358792
1.064017364
0.9912913728
1.030700905
0.9216988157
0.893761284
0.8446237528
0.8682288651
0.8521003193
0.9577307125
0.9588731597
0.9956806239
0.9064123145
0.919958757
0.8815127173
1.140612807
1.108227343
1.075076666
1.103554955
1.236656918
1.268879637
1.244428175
1.209770248
1.328375593
1.299337236
1.30556851
1.278942544
1.38287561
1.355421246
1.336654975
1.360290841
1.414070919
1.39188666
1.44003179
1.421439145
1.829804018e-31
0.1258062972
0.1255548942
9.129717143e-32
0.3763324615
0.375883689
0.2506771134
0.3755990615
0.2514828583
0.2510202152
0.2504566188
0.6253574202
0.625307264
0.5003375807
0.5003360438
1.374236976
1.24953647
1.124676546
1.249250199
0.500952201
0.6253151449
0.500497294
0.6256846901
0.5006443793
0.6254771199
0.6253815229
0.5004007264
0.7502638233
0.9999930447
0.8751527338
0.875207806
1.124793561
0.9999927095
0.7503460621
1.624395428
1.499495975
1.499347981
1.374515496
1.624533344
2
1.749540296
1.874750081
1.874821006
2
1.749669436
0.4352547728
0.4454255572
0.527581097
0.4829356479
0.5129973359
0.4430105957
0.4052985097
0.4254490692
0.3377256781
0.384957304
0.4776908924
0.3257023881
0.08499371709
0.1991125878
0.2338323062
0.1361424765
2.09525411e-31
0.1684996917
0.1716498157
2.396987104e-31
0.3998016747
0.3758352885
0.315603674
0.2947019183
0.1270407682
9.188180095e-32
1.846953248e-31
0.1262453296
9.339785507e-32
0.1281813157
1.890631753e-31
0.130045149
1.975689605e-31
0.137565706
1.013194502e-31
0.1345118901
0.1466042107
9.645296181e-32
0.1331127119
0.707339553
0.6567348835
0.6771851835
0.7282172459
0.5840270736
0.6505890587
0.6206970553
0.6322014045
0.6890903859
0.5675614231
0.6025311148
0.7810670981
0.8098665449
0.766004025
0.8229073302
0.8351277681
0.8503956492
0.8914638454
0.8716200556
1.65576302
1.630207529
1.633107839
1.654265738
1.650887563
1.634302848
1.626964644
1.70484403
1.705018217
1.68049724
1.678994431
1.733042558
1.759036138
1.756359358
1.787251647
1.81476985
1.731281825
1.783685469
2
1.976526355
2
1.953204104
1.976306416
1.926841915
1.952787278
1.926196652
1.900289617
1.901095717
1.871550561
1.845125652
1.845518428
1.872881086
1.815994867
1.501602171
1.5215573
1.511352187
1.486635571
1.451487129
1.479504704
1.494776429
1.469470652
1.586963952
1.542676658
1.534510841
1.572655835
1.579530738
1.561758327
1.55958925
1.647097499
1.635919606
1.625600087
1.665688777
1.62173697
1.595379621
1.603932251
1.613585266
1.17730866
1.148950562
1.188275869
1.217141417
0.9257378798
1.039738419
0.9601870783
1.077498592
0.9385215572
0.9999461574
0.9654630994
0.9999547308
1.049430159
1.00536679
0.9504783616
1.129562298
1.158816001
1.09095448
1.114272215
1.254701936
1.285443717
1.231247506
1.265987452
1.31423249
1.298998013
1.341920083
1.3240089
1.397452382
1.353711634
1.367502417
1.37592887
1.431281464
1.459866379
1.410238775
1.442085365
0.376928755
0.2521554682
0.2535239956
0.3779592079
0.502187009
0.5014359284
0.6267132086
0.6260185797
1.874859326
0.7510063725
0.750243467
0.8751245081
0.8751264399
0.7502318246
1.374610796
1.24974759
1.124843859
1.249689726
0.750414539
0.8752821009
0.8753809644
0.7506039574
0.8751463432
0.8751955464
0.7503011258
0.9999949931
1.124865724
0.9999938432
1.499661686
1.374676947
1.749762245
1.749740869
1.499592929
1.624643976
1.624689236
2
2
1.874871189
0.6430406844
0.527134613
0.5678762945
0.5695241222
0.4989960579
0.6062422626
0.647252161
0.607064331
0.544883758
0.4671157609
0.5137446476
0.4505911966
0.2788384316
0.2780437356
0.3946242796
0.3869328154
0.3772899087
0.2623931805
0.3665150695
0.2935669485
0.5083374091
0.4386689223
0.5130700044
0.4500789027
0.2590778306
0.3824213524
0.3798141214
0.2557542698
0.3928791552
0.3865140056
0.2717286995
0.2642994941
0.3846643646
0.4012380179
0.2832246563
0.4146559351
0.7140808119
0.8119797052
0.7479505135
0.6745605176
0.7478617441
0.6801275057
0.7811038495
0.8486638971
0.9543305027
0.8989643823
0.8713508679
0.9343765974
0.8926118789
0.9486234298
0.9097725426
1.698445594
1.674750343
1.702271282
1.682757224
1.786732301
1.815447282
1.729438328
1.759147808
1.731903513
1.788426697
1.755769492
2
1.975948412
1.975433168
2
1.81049815
1.952089962
1.925184432
1.9237537
1.951087298
1.898996254
1.897173134
1.870014619
1.839881739
1.842438838
1.867854615
1.508867326
1.536246244
1.554088531
1.523535961
1.519999814
1.505289222
1.474936454
1.492105662
1.571039672
1.597217666
1.616659807
1.584866835
1.63394509
1.689601296
1.70755915
1.670266679
1.694534002
1.654026746
1.651059399
1.672937827
1.201968108
1.242436194
1.177543443
1.217667177
0.9999437952
1.034423162
0.9999514838
1.045552754
1.061363324
1.106134491
1.192728095
1.147736453
1.162031536
1.11673432
1.074145903
1.261247049
1.295393328
1.309471773
1.280241099
1.276785544
1.36286969
1.336570797
1.326768116
1.350037095
1.419294384
1.378246769
1.398947864
1.386971194
1.469762794
1.486534926
1.435841387
1.455613706
0.5051256695
0.5033354435
0.6285897274
0.6276127425
0.7523261191
0.8758668005
0.8756365482
0.7516908994
1.749750568
1.874862315
1.749693056
1.624667648
0.9999943768
1.124749258
1.124667221
0.9999933228
0.999996331
1.249759098
1.124502641
0.9999954754
0.9999964992
0.9999969889
1.124862833
1.374677949
1.249701623
1.124818455
1.374567955
1.499634045
1.624583708
1.499565672
2
1.874827819
2
0.7596413505
0.6878094444
0.6847550211
0.6108708965
0.6527496107
0.7422973895
0.7184494646
0.5894789695
0.5738301625
0.674965301
0.5666489548
0.6436146416
0.4709586208
0.5789281466
0.4892239573
0.5506484268
0.5112559132
0.579931934
0.5351196917
0.6291948328
0.6623494042
0.4743625047
0.589235395
0.5357890918
0.5078390342
0.5120387648
0.6326986315
0.6304764645
0.6366575367
0.641223956
0.6489018167
0.6576671161
0.5183932915
0.5251931735
0.603568544
0.5389822019
0.7167593036
1.05126557
1.065521975
0.877735632
0.8102828111
0.8206381432
0.863027585
0.9330518416
1.066269564
0.9720395675
0.9691305998
0.9246013186
0.9999729544
1.006412883
2
1.974710247
2
1.751225085
1.745208452
1.714772812
1.806861185
1.725183777
1.773750033
1.780037464
1.800105926
1.921762069
1.973761645
1.948078813
1.949741543
1.836122136
1.894771121
1.919092213
1.891137495
1.864760356
1.86000287
1.830986779
1.505090891
1.537366793
1.567034852
1.580908658
1.551560967
1.521240033
1.551348877
1.53748277
1.61120312
1.600284483
1.629922947
1.633006311
1.655395347
1.729703119
1.698030674
1.65455144
1.676742498
1.715653644
1.691163239
1.448357937
1.246937445
1.262259508
1.236813257
1.211308774
1.090098236
1.137056562
1.107250652
1.21917975
1.151476808
1.197253341
1.179324277
1.31406891
1.333392562
1.341511081
1.275940178
1.322785051
1.30303075
1.2900136
1.366699752
1.413862389
1.362760794
1.391404109
1.429410471
1.410437734
1.384015622
1.504412635
1.46864113
1.486905847
1.51987393
0.7531752329
0.7544634031
0.8761842071
0.87679489
0.9999913189
1.000000313
1.124323702
1.123976652
1.74958059
1.749386182
1.874761397
1.624472197
1.373673382
1.249325276
1.37411522
1.24898746
1.249541671
1.248466332
1.374450303
1.499133595
1.499454251
1.624237067
1.37298493
2
2
1.874649201
0.7984122111
0.856968344
0.7823931746
0.8435783796
0.8188682448
0.7636573029
0.7451557902
0.8338443108
0.7004897585
0.808569436
0.7243428926
0.7717973217
0.7211643247
0.6346466476
0.6934172497
0.6431495206
0.6082977882
0.665830702
0.7508504402
0.7596180931
0.7213265862
0.6770061236
0.756230899
0.7586631641
0.878771436
0.877510688
0.8825916633
0.8802028922
0.7673330555
0.7619749005
0.77475223
0.8888432152
0.8858407689
0.8048806972
0.7998964893
0.9145752462
0.887334867
0.834570959
0.9174740803
1.184404432
1.176958055
1.135496243
1.128504473
1.233028945
1.151761052
1.14352433
1.08252441
1.197551843
0.9092715447
0.9709701167
0.9144142725
0.967658492
1.024163423
1.084615129
1.014943425
2
1.972815272
2
1.764583442
1.785112508
1.751245274
1.793024839
1.854064062
1.84764799
1.8168263
1.82433076
1.945739098
1.910712443
1.915302235
1.942679228
1.971191829
1.880457718
1.885977192
1.617994208
1.556727225
1.585285189
1.621109319
1.592390225
1.571879769
1.576042568
1.541914947
1.69189906
1.651642093
1.658264342
1.682162387
1.756260001
1.768944655
1.734688673
1.729046022
1.484691325
1.427720788
1.448242529
1.450563499
1.467480089
1.31112079
1.283876398
1.25094941
1.25935633
1.241251456
1.266063811
1.218776166
1.426378037
1.407571409
1.382062358
1.380821513
1.338975648
1.356827831
1.404970557
1.525237047
1.541849002
1.508808262
1.559938195
1.123448708
0.9999934632
0.9999965597
1.122655579
1.247662503
1.370795649
1.246457956
1.371934682
1.62296026
1.749076766
1.498566733
1.495392118
1.621880158
1.496657177
1.874145714
2
1.874469898
1.623733519
1.748513773
1.497807837
2
1.301867363
0.9718395216
0.9033385343
0.8979872015
0.974075466
0.8664374508
0.9450854706
0.9763030156
0.8923205421
0.9249818929
0.8947421234
0.853097464
0.83576235
0.7727361066
0.8057755434
0.8708024573
0.9999782064
1.000023443
1.101317522
1.000000701
1.116289253
1.118959362
0.9999592607
1.121468665
0.9470191193
1.098513736
0.9999762397
1.085402177
0.9999850206
0.9355479115
0.9999883872
1.053135083
1.082499748
1.017620033
0.9658781545
1.015656477
1.28823966
1.271308447
1.305201797
1.320550172
1.250570908
1.286772663
1.278517065
1.211306081
1.161188105
1.169162978
1.036034484
1.103760681
1.045083874
1.10385809
1.236034398
1.125895551
1.969152771
2
2
1.827490116
1.795385324
1.839301092
1.807307822
1.933620357
1.966326802
1.897933152
1.905201414
1.873710368
1.938769542
1.863998304
1.664677196
1.668012672
1.690971756
1.633401152
1.632250689
1.611131504
1.582134561
1.598764326
1.813304862
1.6968369
1.719362076
1.749207844
1.735471744
1.780730716
1.799487932
1.770418936
1.490399399
1.431813962
1.451889056
1.499005865
1.523162825
1.472203203
1.477636067
1.332023408
1.31294975
1.368678413
1.364142725
1.420971296
1.409470221
1.456388256
1.561530081
1.568582832
1.591027464
1.536755413
1.240675688
1.365299963
1.368595483
1.244639873
1.620685015
1.490266079
1.618691083
1.873070944
1.873687651
2
1.746470899
2
1.493661314
1.747596676
1.341879474
1.395966952
1.397758933
1.355078539
1.020843488
1.056943419
1.091308027
1.004687415
1.0329896
1.11904829
0.9830370438
0.9574085024
1.049213497
1.066382645
1.181834746
1.198173911
1.347378615
1.216484398
1.234176315
1.267350242
1.325675145
1.358006857
1.087384775
1.094614065
1.112627622
1.154543357
1.165408293
1.22905859
1.132660485
1.247996176
1.10183371
1.166300719
1.193605406
1.162537967
1.38732221
1.356852503
1.319766129
1.32526095
1.321096798
1.25432935
1.352663522
1.312175989
1.25199288
1.178128186
1.213561975
1.246000217
1.182870984
1.235708051
1.181369901
2
2
1.962572491
1.837032472
1.873792515
1.850412031
1.887570382
1.926810389
1.957033007
1.917764322
1.858026335
1.669981616
1.602325322
1.649860424
1.679734503
1.653053696
1.62429023
1.707661966
1.820461487
1.752610501
1.845656572
1.802394559
1.762924842
1.786068462
1.723347501
1.508031483
1.514614666
1.433864932
1.538422661
1.47266385
1.439697989
1.475335299
1.600624509
1.629822202
1.549471591
1.574021133
1.819048395
1.7414075
1.615236866
1.869933109
1.871978995
1.475007343
2
1.608969285
1.485051324
1.744834882
2
1.424122232
1.481839771
1.445414862
1.466444796
1.134239112
1.177336584
1.223804495
1.19315348
1.597162654
1.395457788
1.334123064
1.426022699
1.31205776
1.492110435
1.458501548
1.581892023
1.315073177
1.350519305
1.227240258
1.278568072
1.39941496
1.289558054
1.257596169
1.248548976
1.28268025
1.283737306
1.328002008
1.441125073
1.367863148
1.418409444
1.393710228
1.322203796
1.38954592
1.376570344
1.372288642
1.329078469
1.309347337
1.356038839
2
1.903457888
1.893240159
1.864171528
1.922941475
2
1.934807702
1.949521424
1.874861785
1.708330122
1.686736045
1.726429843
1.804461273
1.756824522
1.664967202
1.771870323
1.782469578
1.517784923
1.572886644
1.561569189
1.508798312
1.632078515
1.677219865
1.62592267
1.809559091
1.904645208
1.842205829
1.875096499
2
1.726867592
1.86685967
1.735730602
2
1.861528986
1.554410451
1.538716607
1.506882442
1.490503535
1.471776675
1.463210675
1.411177862
1.37082219
1.363047733
1.322914761
1.537242094
1.712347327
1.7172902
1.520229558
1.851850031
1.615521122
1.611193175
1.45964848
1.474570671
1.406448582
1.410671421
1.454427062
1.48683032
1.426100339
1.443534418
1.486136834
1.446647075
1.486670731
1.433328137
1.486182639
1.491578705
2
1.944972646
2
1.82930451
1.768942554
1.729192873
1.784616491
1.735104706
1.749008131
1.720145742
1.60566161
1.615285964
1.67379593
1.653852288
1.899804734
1.848944242
1.902066664
1.948964083
2
1.865653587
2
1.628152598
1.559388509
1.643720433
1.529669589
1.590433333
1.592198948
1.524585485
1.60895734
1.623581018
1.651917048
1.831528333
1.538275108
1.548488719
1.503498276
1.737588995
1.706418832
1.52922568
1.560991448
1.60103959
1.60025208
1.532719654
1.578206995
1.549446917
1.633406735
2
1.950272094
2
1.950353894
1.900594475
1.79898839
1.847302538
1.848429854
1.746163594
1.698997856
1.796557673
1.742268963
1.902208382
1.687275317
2
1.828337968
1.914945515
2
1.7165155
1.66920148
1.800507356
1.698824263
1.722318672
1.760617767
1.652974285
1.674636416
1.630369473
1.72783284
2
2
1.949477261
1.929136451
2
2
1.827201274
1.814053471
1.842608544
1.835939551
1.783118938
1.947723427
1.897521657
1.791364844
1.863821422
1.892920628
1.771434019
1.937033598
1.877640637
2
1.941326149
1.945112021
2
1.886577972
2
