8
4
40
0
2
3
22
8
41
1
23
9
56
4
8
3
10
5
165
56
61
54
63
57
46
4
56
5
45
6
1260
1083
1072
1074
1075
1081
1425
1426
1585
1428
1429
1430
1567
1425
1575
1431
1566
1424
1567
1414
1425
1415
1424
1416
141
157
278
147
142
143
902
1088
910
908
903
904
1239
1412
1237
1241
1242
1243
1050
1239
1049
1052
1053
1054
1067
1252
1255
1251
1069
1070
1237
1088
1056
1048
1058
1091
1100
910
1088
908
911
909
846
699
713
692
693
694
839
845
753
691
752
837
839
1007
845
842
837
838
1060
1050
874
877
878
882
902
1049
1056
1055
905
873
865
870
1049
872
867
868
845
713
753
712
691
696
718
870
865
868
716
717
699
567
581
564
577
565
581
451
589
448
579
449
1060
876
890
879
881
880
723
874
870
869
720
721
723
589
725
588
722
583
910
839
753
752
754
755
480
339
333
335
336
337
557
676
550
548
549
556
1040
1098
1029
918
1030
906
1043
1034
1222
1035
1044
1036
859
1026
1025
1019
856
857
1007
859
1025
856
998
855
839
915
859
858
836
756
915
910
1100
909
912
907
1026
915
1034
913
861
860
839
910
915
907
756
755
1007
839
859
836
855
838
1185
1191
1025
999
1020
1008
1007
1009
845
840
842
1000
713
845
846
841
693
696
699
581
718
580
578
577
697
699
846
694
698
700
697
567
699
565
700
566
718
865
713
714
715
716
699
718
713
715
692
578
723
870
718
717
719
720
1007
1192
1009
1010
1000
1005
1730
1561
1570
1562
1565
1563
1758
1730
1921
1731
1757
1732
1588
1561
1730
1563
1589
1564
1098
1112
1029
917
918
1093
1585
1427
1580
1432
1578
1433
1561
1417
1570
1421
1562
1422
1264
1427
1426
1434
1265
1266
1443
1592
1598
1594
1445
1446
1278
1443
1448
1444
1282
1280
1439
1588
1592
1590
1441
1442
1268
1088
1237
1091
1236
1089
1278
1101
1272
1102
1275
1103
1278
1100
1101
1104
1103
1105
1435
1588
1439
1442
1437
1438
915
1026
859
857
858
860
1109
1034
915
913
914
916
1095
1222
1034
1035
1031
1032
1750
1580
1579
1581
1582
1583
1592
1763
1598
1597
1594
1595
1448
1443
1598
1445
1447
1444
1758
1588
1730
1589
1732
1591
1575
1736
1567
1568
1566
1577
1427
1585
1426
1428
1434
1433
1749
1927
1736
1738
1739
1752
1585
1749
1575
1574
1576
1586
1750
1945
1749
1753
1754
1755
1743
1748
1579
1584
1573
1744
1945
1927
1749
1752
1753
1751
1932
2131
1944
1946
1933
1934
141
165
157
160
143
58
146
141
278
142
144
145
146
46
141
47
145
48
415
550
545
546
413
414
1226
1219
1396
1220
1227
1221
550
672
545
547
546
551
550
676
672
673
551
548
409
415
545
413
410
411
557
687
676
677
556
558
423
557
550
549
420
421
423
553
557
552
421
422
687
831
818
816
688
689
1396
1397
1226
1228
1227
1398
1026
1213
1025
1021
1019
1022
1040
1222
1095
1032
1033
1037
1098
1040
1095
1033
1094
906
1276
1098
1095
1094
1097
1099
1276
1112
1098
1093
1099
1110
1029
1219
1040
1038
1030
1028
1397
1400
1229
1231
1232
1393
1212
1384
1213
1207
1208
1209
1043
1212
1213
1208
1023
1041
1043
1229
1212
1210
1041
1042
1226
1397
1222
1223
1224
1228
1040
1226
1222
1224
1037
1039
1040
1219
1226
1221
1039
1038
1396
1553
1397
1394
1398
1395
1532
1533
1687
1534
1528
1529
1360
1367
1518
1366
1359
1358
1360
1375
1367
1368
1358
1186
1397
1553
1400
1399
1393
1394
1716
1557
1707
1554
1713
1555
1863
1864
2048
1866
1867
1868
2041
1863
2048
1867
2039
1869
1697
1550
1702
1547
1695
1548
1698
1546
1557
1543
1556
1544
1218
1384
1388
1382
1215
1216
1218
1185
1213
1027
1211
1182
1387
1218
1388
1215
1386
1217
1387
1374
1218
1214
1217
1369
1043
1026
1034
861
1036
1024
1229
1043
1222
1044
1225
1042
1213
1026
1043
1024
1023
1022
560
697
575
576
561
562
447
440
426
424
303
308
726
584
607
585
609
586
749
726
607
609
608
727
725
589
726
590
728
588
874
725
876
729
875
730
589
584
726
586
590
587
584
451
447
444
445
450
876
749
890
743
879
738
1061
1060
890
881
893
1063
589
451
584
450
587
448
874
723
725
722
730
721
723
581
589
579
583
582
1193
1002
1009
1003
1011
1004
447
426
306
304
305
303
470
447
323
321
322
446
472
470
328
325
326
467
584
447
470
446
471
445
726
876
725
729
728
724
1435
1406
1561
1407
1436
1408
902
753
865
750
866
751
1252
1061
1246
1064
1244
1065
1417
1255
1418
1253
1419
1254
1561
1412
1417
1409
1422
1411
1239
1056
1049
1055
1052
1057
1239
1237
1056
1058
1057
1242
1060
874
876
875
880
878
1252
1060
1061
1063
1065
1066
1255
1412
1239
1243
1238
1248
1067
1255
1239
1238
1068
1069
1252
1418
1255
1253
1251
1249
753
713
865
714
750
712
749
876
726
724
727
738
749
899
890
892
743
748
451
440
447
308
444
441
1276
1284
1112
1111
1110
1283
1109
1276
1095
1097
1096
1108
1278
1448
1276
1277
1279
1282
676
815
672
671
673
674
1501
1506
1668
1505
1502
1503
1166
1342
1338
1339
1165
1167
1179
993
1169
994
1170
995
978
981
1162
982
979
980
852
989
826
824
825
847
850
852
826
825
708
848
850
1014
852
853
848
849
981
993
1166
996
983
984
1162
981
1166
983
1163
982
978
815
818
813
817
814
831
985
993
986
828
829
820
985
831
829
821
822
678
820
687
686
679
680
682
702
826
701
683
684
820
682
826
683
823
685
678
702
682
684
681
572
2411
2416
2621
2412
2413
2414
2617
2411
2621
2413
2618
2415
2797
2617
2621
2618
2619
2620
2471
2660
2459
2463
2464
2470
2261
2209
2411
2210
2258
2204
2262
2261
2459
2259
2265
2260
2264
2262
2462
2266
2267
2268
2264
2077
2262
2078
2268
2079
2466
2270
2462
2272
2465
2269
2073
1888
2077
1892
2076
1893
1891
1822
2018
1828
1894
1823
1501
1342
1506
1343
1503
1344
1348
1501
1509
1504
1346
1347
1348
1338
1501
1340
1347
1341
2028
2043
2218
2044
2031
2032
1179
1342
1166
1167
1168
1178
993
1179
1166
1168
996
995
1350
1513
1363
1362
1351
1352
1546
1388
1384
1382
1383
1389
1702
1550
1698
1549
1700
1547
1864
1702
1698
1700
1701
1703
1863
1697
1702
1695
1704
1696
1697
1542
1550
1539
1548
1540
1384
1218
1213
1211
1207
1216
1191
1192
1007
1005
1006
1194
1025
1191
1007
1006
998
999
1203
1379
1191
1195
1196
1197
1185
1203
1191
1196
1008
1183
1185
1218
1374
1214
1184
1182
1213
1185
1025
1020
1021
1027
1203
1374
1379
1370
1197
1198
1379
1375
1206
1199
1200
1371
1193
1379
1206
1200
1201
1202
1374
1387
1533
1381
1372
1369
1379
1374
1533
1372
1373
1370
1203
1185
1374
1184
1198
1183
1550
1387
1388
1386
1390
1391
1687
1535
1532
1530
1528
1536
1542
1687
1533
1534
1531
1541
1387
1542
1533
1531
1381
1392
1387
1550
1542
1539
1392
1391
1697
1857
1687
1689
1686
1693
1173
1354
1350
1353
1174
1175
1169
1173
1350
1174
1171
1172
989
1013
1173
997
990
991
826
989
985
987
827
824
1013
1187
1173
1176
997
1015
1206
1187
1013
1015
1016
1188
1206
1375
1187
1189
1188
1199
182
306
288
287
167
180
472
607
470
468
467
469
560
575
436
437
438
561
425
560
436
438
427
430
567
697
560
562
563
566
440
567
560
563
431
442
581
723
718
719
580
582
440
581
567
564
442
443
440
451
581
449
443
441
1002
835
846
832
843
833
570
678
553
554
555
568
575
702
570
569
571
573
835
707
697
690
695
703
846
835
697
695
698
832
1002
850
835
834
833
851
850
702
707
704
705
706
850
826
702
701
706
708
1013
852
1014
853
1017
854
820
826
985
827
822
823
820
678
682
681
685
680
707
702
575
573
574
704
1876
1707
1712
1708
1709
1710
1870
2035
2051
2038
1871
1873
1876
1870
2051
1871
1874
1875
1876
1712
1870
1711
1875
1709
1864
1698
1716
1699
1706
1701
818
815
676
674
675
813
687
818
676
675
677
688
831
981
818
819
816
830
818
981
978
980
817
819
820
831
687
689
686
821
1517
1360
1518
1359
1519
1361
1513
1354
1517
1355
1514
1356
1524
1363
1513
1362
1515
1364
1169
985
989
987
992
988
1179
1169
1350
1171
1180
1170
993
985
1169
988
994
986
1173
1169
989
992
990
1172
831
993
981
984
830
828
1517
1518
1680
1520
1521
1519
1013
1014
1206
1018
1016
1017
1354
1173
1187
1176
1177
1175
989
852
1013
854
991
847
1684
1524
1679
1525
1674
1526
1379
1192
1191
1194
1195
1204
1360
1187
1375
1189
1186
1190
1193
1192
1379
1204
1202
1205
1014
1193
1206
1201
1018
1012
1014
1002
1193
1004
1012
1001
1360
1354
1187
1177
1190
1357
1009
846
845
841
840
844
1193
1009
1192
1010
1205
1011
1002
846
1009
844
1003
843
850
1002
1014
1001
849
851
850
707
835
703
834
705
1342
1501
1338
1340
1339
1344
1662
1670
1832
1671
1659
1660
1348
1509
1497
1498
1349
1346
1668
1670
1509
1510
1511
1663
1501
1668
1509
1511
1504
1502
1524
1513
1679
1516
1525
1515
1506
1524
1669
1527
1507
1508
1506
1363
1524
1364
1508
1365
1162
1166
1338
1165
1164
1163
1847
2028
2034
2033
1844
1845
1835
1847
2026
1846
1833
1834
1835
1669
1684
1664
1681
1665
1684
1840
1847
1841
1682
1683
1684
1679
1840
1675
1683
1674
1835
1684
1847
1682
1834
1681
1669
1524
1684
1526
1664
1527
1668
1669
1835
1665
1666
1667
1668
1506
1669
1507
1667
1505
1517
1680
1679
1676
1522
1521
1679
1680
1840
1677
1675
1676
1513
1517
1679
1522
1516
1514
1363
1179
1350
1180
1351
1181
1342
1363
1506
1365
1343
1345
1342
1179
1363
1181
1345
1178
1350
1354
1513
1356
1352
1353
1354
1360
1517
1361
1355
1357
1518
1535
1680
1537
1520
1523
1680
1535
1692
1538
1678
1537
1375
1533
1367
1376
1368
1377
1847
2034
2026
2025
1846
1844
1692
1853
1840
1842
1685
1690
1680
1692
1840
1685
1677
1678
1535
1687
1692
1688
1538
1536
1853
2043
2028
2032
1855
1856
1840
1853
2028
1855
1843
1842
1692
1687
1857
1689
1691
1688
1832
1825
1662
1661
1659
1824
1839
1832
1670
1671
1672
1829
2023
2018
1832
1830
1831
2019
1532
1535
1518
1523
1380
1530
1367
1532
1518
1380
1366
1378
1367
1533
1532
1529
1378
1376
1379
1533
1375
1377
1371
1373
1542
1697
1687
1686
1541
1540
1702
1864
1863
1868
1704
1703
1546
1698
1550
1549
1545
1544
1388
1546
1550
1545
1390
1389
1384
1400
1546
1401
1383
1385
1557
1553
1707
1551
1554
1552
1698
1557
1716
1555
1699
1556
1400
1553
1557
1552
1402
1399
1546
1400
1557
1402
1543
1401
1229
1222
1397
1223
1232
1225
1384
1229
1400
1231
1385
1230
1384
1212
1229
1210
1230
1209
2431
2633
2632
2629
2434
2426
2041
2226
2230
2225
2045
2046
2048
2051
2233
2052
2053
2047
1882
2058
2062
2055
1880
1881
1857
1853
1692
1690
1691
1858
1854
1857
1697
1693
1694
1859
1863
1854
1697
1694
1696
1852
1863
2041
1854
1860
1852
1869
2043
1853
1857
1858
1861
1856
1857
1854
2043
1862
1861
1859
1839
2023
1832
1831
1829
1836
1835
1839
1670
1672
1673
1837
1835
2026
1839
1838
1837
1833
1839
2026
2023
2020
1836
1838
1668
1835
1670
1673
1663
1666
1840
2028
1847
1845
1841
1843
2034
2215
2211
2205
2027
2029
2218
2034
2028
2033
2031
2030
2230
2218
2043
2044
2040
2213
2230
2421
2218
2214
2213
2224
2211
2416
2209
2206
2207
2208
2034
2211
2026
2021
2025
2027
2215
2416
2211
2208
2205
2212
2218
2421
2215
2216
2217
2214
2041
2230
2043
2040
2042
2045
2043
1854
2041
1860
2042
1862
2226
2233
2432
2232
2227
2228
2048
2226
2041
2046
2039
2049
2048
2233
2226
2228
2049
2053
2432
2633
2431
2426
2427
2428
2425
2242
2446
2239
2429
2240
2633
2425
2446
2429
2443
2430
2233
2220
2425
2221
2234
2222
2230
2226
2432
2227
2229
2225
2220
2242
2425
2240
2221
2223
2051
2220
2233
2222
2052
2050
2051
2035
2220
2036
2050
2038
2220
2035
2062
2037
2054
2036
1864
1872
2048
1877
1866
1865
1870
1712
1851
1705
1848
1711
1872
1876
2051
1874
1878
1879
2048
1872
2051
1878
2047
1877
1864
1716
1872
1714
1865
1706
1716
1707
1876
1710
1715
1713
1851
1882
2035
1883
1849
1850
2805
2820
2966
2811
2800
2801
2211
2023
2026
2020
2021
2022
2035
1870
1851
1848
1849
1873
2459
2660
2462
2460
2461
2463
2262
2459
2462
2461
2266
2265
2411
2617
2471
2469
2409
2415
2233
2425
2432
2433
2232
2234
2062
2242
2220
2223
2054
2059
1882
2062
2035
2037
1883
1880
2058
2237
2247
2235
2056
2057
2247
2237
2440
2236
2243
2235
2646
2643
2820
2644
2645
2647
2633
2646
2805
2648
2630
2631
2449
2643
2646
2647
2447
2448
2242
2248
2446
2244
2239
2241
2440
2643
2449
2448
2439
2441
2247
2440
2449
2439
2245
2243
2062
2247
2248
2246
2060
2061
2062
2058
2247
2056
2061
2055
2237
2435
2440
2436
2236
2238
2658
2660
2833
2661
2662
2663
2077
2261
2262
2260
2078
2072
2073
2077
2264
2079
2074
2076
1891
2018
2077
2016
1889
1894
1888
1891
2077
1889
1892
1890
1888
1822
1891
1823
1890
1724
2471
2459
2411
2273
2409
2464
2668
2471
2617
2469
2622
2472
2668
2670
2471
2473
2472
2671
1662
1509
1670
1510
1660
1512
1655
1662
1825
1661
1652
1653
1655
1497
1662
1499
1653
1500
1876
1872
1716
1714
1715
1879
2420
2416
2215
2212
2219
2410
2420
2621
2416
2412
2410
2417
2421
2420
2215
2219
2216
2418
2421
2625
2420
2419
2418
2422
2034
2218
2215
2217
2029
2030
2804
2964
2797
2796
2798
2802
2625
2804
2797
2798
2626
2623
2420
2625
2621
2616
2417
2419
2632
2804
2625
2623
2624
2627
2632
2805
2804
2803
2627
2628
2431
2632
2421
2423
2424
2434
2230
2431
2421
2424
2224
2231
2230
2432
2431
2427
2231
2229
2633
2805
2632
2628
2629
2630
2471
2670
2660
2657
2470
2473
2797
2668
2617
2622
2620
2664
2625
2797
2621
2619
2616
2626
2964
2835
2797
2799
2796
2836
2840
2670
2668
2671
2665
2666
2797
2840
2668
2665
2664
2667
2991
3136
2987
2989
2990
2994
2435
2634
2637
2635
2437
2438
2835
2993
2840
2841
2837
2838
2797
2835
2840
2837
2667
2799
2964
2993
2835
2838
2836
2962
2421
2632
2625
2624
2422
2423
2812
2816
2643
2642
2641
2813
3112
2966
2972
2963
2967
2965
2805
2646
2820
2645
2801
2648
2804
2805
2966
2800
2806
2803
2633
2446
2646
2444
2631
2443
2446
2449
2646
2447
2444
2445
2432
2425
2633
2430
2428
2433
2248
2247
2449
2245
2249
2246
2446
2248
2449
2249
2445
2244
2242
2062
2248
2060
2241
2059
2637
2634
2807
2636
2638
2635
2440
2637
2643
2639
2441
2442
2440
2435
2637
2437
2442
2436
2018
1822
1825
1826
1827
1828
2211
2209
2023
2024
2022
2207
2209
2077
2018
2016
2017
2071
1655
1825
1656
1657
1654
1652
1662
1497
1509
1498
1512
1499
2812
2971
2973
2968
2814
2815
2807
2812
2637
2640
2638
2808
2807
2971
2812
2815
2808
2809
2957
2971
2807
2809
2810
2958
2957
3109
2971
2969
2958
2959
1656
1825
1822
1826
1658
1657
2812
2973
2816
2817
2813
2814
3120
3251
3126
3121
3122
3123
2816
2820
2643
2644
2642
2818
2637
2812
2643
2641
2639
2640
2973
2820
2816
2818
2817
2821
3120
2973
2971
2968
2970
2974
3120
3126
2973
2975
2974
3122
3109
3120
2971
2970
2969
3110
3109
3240
3120
3124
3110
3111
3250
3119
3126
3116
3125
3117
3126
2972
2973
2976
2975
2977
3368
3436
3443
3437
3370
3360
3369
3368
3450
3371
3372
3373
3445
3369
3450
3372
3446
3374
3361
3263
3369
3265
3367
3262
3266
3245
3355
3242
3261
3243
3253
3263
3361
3262
3254
3255
3245
3119
3250
3117
3244
3118
3141
3245
3266
3243
3139
3140
3141
3112
3245
3113
3140
3114
2972
3126
3119
3116
2978
2977
3251
3350
3357
3352
3246
3247
2209
2261
2077
2072
2071
2204
2023
2209
2018
2017
2019
2024
2416
2411
2209
2210
2206
2414
1884
1888
2073
1893
1885
1886
2018
1825
1832
1824
1830
1827
1717
1822
1888
1724
1719
1720
1717
1656
1822
1658
1720
1651
3355
3436
3368
3360
3353
3354
3251
3357
3250
3248
3249
3246
3126
3251
3250
3249
3125
3121
3120
3240
3251
3239
3123
3124
3350
3435
3357
3358
3352
3351
3436
3435
3500
3440
3441
3442
1888
1884
1718
1721
1722
1886
1717
1888
1718
1722
1723
1719
2450
2466
2649
2458
2451
2452
2264
2270
2083
2080
2081
2263
2264
2462
2270
2272
2263
2267
3281
3377
3277
3278
3279
3280
3260
3253
3361
3254
3257
3256
3260
3129
3253
3130
3256
3131
2991
2840
2993
2841
2995
2839
3141
2991
2993
2995
2996
2997
2987
2840
2991
2839
2990
2834
3505
3450
3461
3447
3451
3448
3385
3445
3456
3449
3382
3383
3283
3366
3385
3362
3284
3285
3260
3361
3366
3363
3258
3257
3366
3361
3445
3364
3365
3363
3283
3260
3366
3258
3285
3259
3269
3283
3375
3286
3272
3273
3269
3162
3283
3163
3273
3164
3128
2984
3129
2985
3132
2986
3260
3128
3129
3132
3131
3133
3162
3026
3128
3027
3134
3024
3355
3368
3266
3267
3261
3353
3357
3355
3250
3252
3248
3356
3357
3436
3355
3354
3356
3359
3361
3369
3445
3374
3364
3367
3511
3456
3505
3457
3512
3458
3586
3554
3550
3553
3555
3556
3541
3564
3571
3569
3542
3539
3526
3554
3564
3558
3521
3523
3399
3452
3472
3455
3400
3398
3504
3461
3514
3462
3503
3459
3554
3504
3550
3506
3553
3507
3505
3461
3504
3459
3508
3451
3554
3505
3504
3508
3507
3509
3472
3511
3526
3510
3470
3469
3385
3375
3283
3286
3284
3378
3445
3385
3366
3362
3365
3383
3456
3452
3385
3384
3382
3453
3472
3452
3511
3454
3469
3455
3399
3377
3452
3379
3398
3380
3445
3450
3505
3448
3444
3446
3443
3500
3461
3460
3438
3439
3369
3266
3368
3267
3373
3268
3436
3500
3443
3439
3437
3441
3500
3545
3514
3517
3501
3502
1895
1884
2073
1885
1896
1887
3450
3443
3461
3438
3447
3386
3436
3357
3435
3358
3442
3359
3450
3368
3443
3370
3386
3371
3240
3350
3251
3247
3239
3241
3263
3253
3136
3137
3138
3255
3266
3263
3141
3142
3139
3264
3266
3369
3263
3265
3264
3268
2966
2964
2804
2802
2806
2960
2972
2966
2820
2811
2819
2963
2973
2972
2820
2819
2821
2976
3119
3112
2972
2967
2978
3115
3112
2964
2966
2960
2965
2961
3245
3112
3119
3115
3118
3113
2993
2964
3112
2961
2992
2962
2083
1895
2073
1896
2075
1897
2264
2083
2073
2075
2074
2081
2250
2063
2083
2064
2082
2065
2083
2063
1895
1898
1897
2064
2270
2250
2083
2082
2080
2251
2660
2466
2462
2465
2460
2467
2450
2649
2455
2454
2453
2451
2658
2649
2466
2458
2468
2650
2658
2825
2649
2651
2650
2659
2984
3026
2873
2870
2871
2979
2825
2983
2829
2826
2822
2823
3128
3260
3162
3165
3134
3133
2983
3129
2984
2985
2980
2981
2987
3136
3129
3127
2988
2989
2257
2108
2067
2068
2069
2109
2509
2701
2506
2508
2505
2510
2455
2509
2313
2314
2315
2456
2455
2656
2509
2511
2456
2457
2829
2703
2656
2653
2654
2704
2869
2701
2703
2699
2705
2702
2869
2863
2701
2700
2702
2862
2455
2313
2257
2254
2255
2315
2450
2455
2257
2255
2256
2453
2656
2703
2509
2512
2511
2653
2063
2250
2067
2070
2066
2065
3145
3269
3271
3274
3146
3147
2497
2672
2475
2476
2477
2500
2691
2502
2695
2503
2692
2504
2860
2842
2691
2693
2694
2843
2691
2842
2672
2674
2675
2693
2695
2860
2691
2694
2692
2696
2506
2313
2509
2314
2505
2316
2695
2506
2701
2508
2697
2507
2309
2313
2506
2316
2310
2311
3018
2873
3026
2870
2998
2872
2257
2250
2450
2252
2256
2253
2108
2257
2313
2254
2110
2109
2067
2250
2257
2253
2069
2070
3141
2993
3112
2992
3114
2996
3250
3355
3245
3242
3244
3252
3263
3136
3141
3135
3142
3138
2455
2649
2656
2652
2457
2454
2270
2450
2250
2252
2251
2271
2270
2466
2450
2452
2271
2269
2660
2658
2466
2468
2467
2663
2261
2411
2459
2273
2259
2258
2670
2833
2660
2661
2657
2669
3129
3136
3253
3137
3130
3127
2833
2987
2983
2982
2830
2831
2833
2840
2987
2834
2831
2832
2840
2833
2670
2669
2666
2832
2825
2656
2649
2652
2651
2655
2833
2825
2658
2659
2662
2824
2829
2656
2825
2655
2822
2654
2983
2984
2829
2827
2826
2980
2833
2983
2825
2823
2824
2830
2987
3129
2983
2981
2982
2988
2873
2869
2703
2705
2706
2866
2984
2873
2829
2828
2827
2871
3017
3160
3010
3011
3012
3019
2869
3018
3017
3020
2867
2868
3145
3271
3161
3155
3144
3146
3026
3145
3018
3021
2998
3025
3026
3162
3145
3143
3025
3024
3128
3026
2984
2979
2986
3027
3283
3162
3260
3165
3259
3163
3269
3145
3162
3143
3164
3147
3281
3271
3375
3275
3282
3270
3271
3281
3161
3156
3155
3270
3375
3271
3269
3274
3272
3275
3281
3160
3161
3157
3156
3158
3377
3281
3375
3282
3381
3280
3277
3151
3160
3148
3159
3149
2873
2703
2829
2704
2828
2706
3136
2991
3141
2997
3135
2994
3001
2853
2842
2844
2845
2852
3160
3281
3277
3279
3159
3158
3016
3160
3151
3148
3013
3014
2860
3010
3001
2861
2857
2858
2860
2863
3010
2864
2858
2859
3018
2869
2873
2866
2872
2868
3161
3018
3145
3021
3144
3022
3161
3160
3017
3019
3023
3157
2791
2795
2955
2794
2792
2793
3223
3304
3338
3301
3225
3226
3154
3223
3227
3224
3097
3150
3277
3304
3223
3226
3187
3276
3016
3010
3160
3011
3014
3015
3001
3016
3151
3013
2999
3000
3001
3010
3016
3015
3000
2861
3223
3338
3227
3228
3224
3225
3377
3304
3277
3276
3278
3302
3377
3399
3304
3303
3302
3380
3304
3399
3338
3335
3301
3303
3564
3554
3586
3556
3572
3558
3511
3554
3526
3523
3510
3513
3511
3505
3554
3509
3513
3512
2559
2746
2565
2568
2558
2561
2604
2606
2400
2398
2399
2607
2750
2910
2746
2747
2748
2752
2604
2784
2606
2603
2607
2602
3054
2948
3104
2949
3055
2947
2750
2908
2910
2911
2752
2751
2784
2948
2908
2907
2786
2785
2190
2192
2400
2193
2194
2189
2186
2190
2396
2188
2187
2185
2004
2192
2190
2189
2001
2006
2566
2754
2580
2578
2569
2564
3407
3418
3482
3417
3408
3409
3075
3200
3070
3068
3069
3074
3432
3495
3497
3493
3430
3429
3059
3189
3195
3190
3058
3061
2948
3054
2908
2912
2907
2947
3104
3189
3054
3057
3055
3102
3306
3195
3189
3190
3188
3194
3433
3347
3344
3349
3348
3346
3420
3478
3401
3403
3404
3422
3347
3420
3401
3404
3334
3345
3347
3433
3420
3421
3345
3346
3323
3415
3331
3332
3324
3326
3308
3306
3401
3307
3314
3309
3199
3308
3312
3311
3197
3196
3195
3306
3308
3309
3193
3194
3420
3433
3489
3434
3423
3421
3306
3347
3401
3334
3307
3310
3306
3344
3347
3349
3310
3238
3478
3489
3534
3490
3475
3476
3401
3478
3415
3416
3402
3403
3420
3489
3478
3476
3422
3423
3432
3433
3344
3348
3343
3428
3432
3497
3433
3431
3428
3430
3418
3327
3331
3329
3333
3328
2754
2917
2766
2765
2756
2755
3108
3104
2950
2954
2952
3105
2746
2754
2565
2563
2568
2749
2559
2396
2606
2393
2562
2392
2360
2559
2565
2558
2361
2359
2360
2396
2559
2392
2359
2357
3054
3059
2908
2913
2912
3056
2559
2750
2746
2748
2561
2560
3108
3233
3104
3103
3105
3106
3342
3231
3227
3230
3229
3237
3344
3233
3231
3236
3232
3234
3099
3231
3108
3107
3100
3098
2955
3099
3108
3100
2956
2951
3096
3227
3099
3101
3095
3093
3497
3489
3433
3434
3431
3492
3108
2950
2955
2953
2956
2952
3096
3099
2955
2951
2945
3095
3231
3233
3108
3106
3107
3236
3306
3233
3344
3234
3238
3235
3104
2948
2950
2946
2954
2949
3306
3189
3233
3191
3235
3188
3059
3064
2917
2918
2916
3060
2908
3059
2910
2909
2911
2913
3054
3189
3059
3061
3056
3057
3233
3189
3104
3102
3103
3191
3195
3064
3059
3060
3058
3063
2948
2791
2950
2790
2946
2788
2750
2784
2908
2786
2751
2745
2783
2608
2791
2611
2782
2610
2608
2783
2599
2597
2600
2610
2405
2608
2599
2600
2401
2408
2612
2791
2608
2611
2609
2613
2846
2680
2850
2681
2847
2682
3099
3227
3231
3230
3098
3101
2612
2486
2680
2483
2614
2484
3096
3154
3227
3097
3093
3094
3538
3571
3567
3570
3544
3540
3323
3401
3415
3402
3326
3325
3216
3323
3331
3324
3220
3222
3308
3199
3195
3192
3193
3196
3216
3312
3323
3305
3222
3211
3216
3200
3312
3202
3211
3198
3538
3489
3497
3492
3499
3491
3488
3415
3478
3416
3477
3413
3567
3533
3534
3537
3528
3530
3533
3482
3488
3474
3487
3479
3534
3533
3488
3487
3486
3537
3536
3482
3533
3479
3529
3485
3497
3541
3538
3543
3499
3498
3495
3541
3497
3498
3493
3496
3427
3495
3432
3429
3425
3426
3427
3472
3495
3473
3426
3424
3527
3526
3564
3521
3525
3522
3495
3527
3541
3524
3496
3494
3495
3472
3527
3471
3494
3473
3527
3472
3526
3470
3522
3471
3338
3427
3342
3341
3337
3336
3338
3399
3427
3397
3336
3335
3385
3452
3375
3376
3378
3384
3505
3456
3445
3449
3444
3457
3511
3452
3456
3453
3458
3454
3427
3399
3472
3400
3424
3397
3377
3375
3452
3376
3379
3381
2108
2313
2309
2311
2111
2110
2703
2701
2509
2510
2512
2699
2860
2695
2863
2698
2859
2696
2506
2502
2309
2312
2310
2501
2863
2695
2701
2697
2700
2698
2691
2497
2502
2498
2504
2499
3557
3573
3585
3575
3549
3548
3527
3564
3541
3539
3524
3525
3514
3550
3504
3506
3503
3515
3500
3514
3461
3462
3460
3501
3545
3573
3557
3548
3546
3547
3585
3592
3596
3594
3588
3584
3592
3595
3596
3593
3594
3597
3589
3571
3564
3569
3563
3566
3586
3589
3564
3563
3572
3583
3557
3586
3550
3555
3552
3551
3585
3596
3586
3582
3581
3588
3596
3587
3589
3580
3579
3591
3586
3596
3589
3579
3583
3582
3557
3585
3586
3581
3551
3549
3514
3557
3550
3552
3515
3516
3514
3545
3557
3546
3516
3517
3573
3592
3585
3584
3575
3574
3595
3578
3587
3576
3590
3577
2475
2275
2304
2276
2303
2277
2502
2506
2695
2507
2503
2501
2306
2502
2497
2498
2307
2305
2306
2309
2502
2312
2305
2308
2160
2360
2367
2358
2161
2164
2163
2160
2367
2161
2159
2158
2163
2153
2160
2152
2158
1971
1996
1793
1812
1792
1810
1794
1772
1793
1961
1795
1773
1774
1959
1772
1961
1773
1960
1771
1768
1604
1621
1599
1606
1602
1630
1800
1793
1642
1629
1628
2397
2190
2400
2194
2394
2195
2606
2397
2400
2394
2398
2391
2396
2190
2397
2195
2395
2188
1812
1793
1800
1642
1799
1792
2186
1996
2004
1995
1997
1993
1961
1793
1996
1794
1962
1795
1959
1961
2153
1963
1964
1960
1959
1768
1772
1769
1771
1770
1999
2192
2004
2006
2000
2007
1798
1999
1805
1801
1804
1802
1634
1480
1626
1481
1624
1479
2003
2192
1999
2007
1998
2002
1991
2003
1808
1806
1809
1985
1991
2181
2180
2183
1992
1990
2385
2599
2400
2390
2386
2389
2180
2181
2385
2179
2177
2183
2192
2180
2385
2177
2191
2182
2003
1991
2180
1992
2005
1985
2181
2173
2384
2174
2178
2175
2385
2181
2384
2178
2383
2179
1991
1988
2181
1989
1990
1986
2405
2402
2612
2404
2407
2406
2385
2384
2599
2387
2389
2383
2384
2201
2405
2202
2388
2200
1814
1905
2009
1903
1817
1815
2850
2678
2677
2683
2684
2685
2612
2680
2795
2676
2615
2614
2486
2492
2680
2490
2483
2485
2680
2492
2678
2491
2686
2490
2402
2486
2612
2484
2404
2403
2402
2289
2486
2288
2403
2282
2486
2289
2492
2290
2485
2288
2608
2405
2612
2407
2609
2408
2003
2180
2192
2182
2002
2005
2201
2384
2173
2174
2176
2200
2405
2599
2384
2387
2388
2401
2198
2095
2289
2096
2196
2093
2287
2100
2296
2101
2291
2097
1916
2103
1911
1912
1913
1915
2103
2086
2278
2084
2088
2085
2754
2910
2917
2914
2755
2753
3009
2853
3001
2852
3002
2854
3277
3154
3151
3152
3149
3153
3003
2850
3009
2855
3004
2856
3154
3096
3003
3005
3007
3094
3151
3154
3009
3008
3006
3152
3277
3223
3154
3150
3153
3187
3342
3227
3338
3228
3337
3229
3342
3432
3344
3343
3340
3339
2791
2612
2795
2615
2793
2613
2955
2950
2791
2790
2792
2953
2846
2955
2795
2794
2789
2848
2680
2846
2795
2789
2676
2682
3003
2955
2846
2848
2849
2944
3003
3096
2955
2945
2944
3005
3009
3154
3003
3007
3004
3008
3231
3342
3344
3340
3232
3237
2948
2783
2791
2782
2788
2787
2198
2289
2402
2282
2199
2196
2103
2296
2100
2101
2098
2099
2086
2103
1916
1915
1914
2085
2285
2296
2103
2099
2102
2283
2278
2285
2103
2102
2088
2279
2278
2478
2285
2284
2279
2280
2289
2287
2492
2292
2290
2293
1905
1814
1727
1725
1726
1815
1910
2092
1901
1899
1900
1907
1821
2013
1983
1981
1819
1820
2095
2009
1905
1903
1904
2011
2095
2198
2009
2008
2011
2093
2289
2095
2287
2094
2293
2096
2198
2013
2009
2010
2008
2012
3017
3010
2863
2864
2865
3012
2869
3017
2863
2865
2862
2867
3018
3161
3017
3023
3020
3022
3009
3001
3151
2999
3006
3002
2842
2860
3001
2857
2845
2843
3567
3587
3559
3561
3560
3565
2275
2475
2299
2300
2274
2277
3587
3578
3559
3562
3561
3576
3589
3587
3567
3565
3568
3580
3596
3595
3587
3590
3591
3593
2373
2573
2377
2376
2369
2370
3538
3567
3534
3528
3532
3544
3200
3091
3071
3072
3066
3088
3199
3200
3075
3074
3073
3201
3064
3199
3075
3073
3062
3065
3312
3308
3401
3314
3313
3311
3216
3217
3091
3092
3090
3221
3199
3312
3200
3202
3201
3197
3331
3217
3216
3221
3220
3218
2917
2910
3059
2909
2916
2914
3427
3432
3342
3339
3341
3425
3541
3571
3538
3540
3543
3542
3589
3567
3571
3570
3566
3568
3316
3407
3411
3406
3321
3320
3411
3480
3466
3464
3405
3412
3319
3316
3411
3321
3317
3318
3534
3488
3478
3477
3475
3486
3538
3534
3489
3490
3491
3532
3567
3536
3533
3529
3530
3535
3488
3418
3415
3419
3413
3414
3327
3217
3331
3218
3329
3219
2299
2107
2275
2104
2274
2105
2672
2496
2475
2474
2476
2493
2497
2691
2672
2675
2500
2499
2304
2497
2475
2477
2303
2301
2304
2306
2497
2307
2301
2302
2842
2853
2690
2687
2688
2844
2278
2107
2299
2105
2281
2106
1763
1955
1765
1762
1764
1766
1598
1763
1765
1764
1596
1597
1925
1735
1927
1737
1922
1734
2127
1925
1927
1922
1923
1924
2127
2329
2119
2117
2116
2124
2347
2531
2549
2528
2349
2346
2146
2347
2350
2348
2144
2143
2142
2329
2347
2326
2139
2140
2131
1932
1931
1929
1930
1934
2115
2131
1931
1930
1935
2112
2136
2135
1945
1941
1943
2134
1944
2136
1945
1943
1942
1940
2344
2545
2335
2336
2337
2339
2343
2344
2136
2133
2132
2340
2343
2527
2546
2524
2342
2341
2146
2350
2148
2149
2145
2144
1951
2146
1955
1956
1948
1953
1763
1951
1955
1948
1766
1761
1735
1730
1570
1565
1571
1729
1927
1735
1736
1740
1738
1737
1921
1730
1735
1729
1733
1731
1952
1758
1921
1757
1919
1760
2146
1952
2142
1949
2141
1950
1951
1758
1952
1760
1954
1759
1439
1592
1443
1446
1440
1441
1561
1588
1435
1438
1436
1564
1758
1592
1588
1590
1591
1593
2119
1952
1921
1919
1920
1947
1763
1592
1758
1593
1756
1595
1749
1736
1575
1577
1574
1739
2119
2329
2142
2140
2118
2117
1925
2119
1921
1920
1918
1928
1925
2127
2119
2116
1928
1924
2135
2127
1937
1939
1938
2125
2335
2329
2127
2124
2126
2327
1937
2127
1927
1923
1926
1939
1418
1570
1417
1421
1419
1423
1261
1425
1414
1415
1256
1263
1736
1570
1567
1569
1568
1572
1585
1750
1749
1754
1586
1587
1425
1585
1575
1576
1431
1429
1580
1750
1585
1587
1578
1583
2329
2335
2531
2338
2328
2327
1952
2119
2142
2118
1949
1947
1921
1735
1925
1734
1918
1733
1748
1944
1945
1942
1745
1747
1750
1748
1945
1745
1755
1746
1743
1944
1748
1747
1744
1741
1952
2146
1951
1953
1954
1950
1763
1758
1951
1759
1761
1756
2329
2531
2347
2346
2326
2328
2350
2553
2355
2354
2351
2353
1955
2146
2148
2145
1957
1956
2549
2739
2553
2551
2547
2548
2350
2549
2553
2547
2353
2352
2531
2724
2549
2550
2528
2529
2146
2142
2347
2139
2143
2141
2891
2734
2890
2732
2896
2733
2335
2545
2531
2530
2338
2336
2135
1937
1945
1936
1941
1938
2335
2135
2344
2137
2337
2138
2335
2127
2135
2125
2138
2126
2136
2131
2343
2130
2132
2129
2136
1944
2131
1946
2129
1940
1927
1945
1937
1936
1926
1751
1750
1579
1748
1584
1746
1582
1743
1932
1944
1933
1741
1742
2131
2115
2324
2113
2128
2112
2347
2549
2350
2352
2348
2349
2553
2552
2355
2356
2354
2554
2148
2350
2355
2351
2147
2149
2739
2738
2553
2557
2551
2740
2890
2720
2731
2717
2729
2718
3036
3175
3051
3053
3038
3037
2882
3036
2904
2905
2883
2884
2743
2882
2904
2883
2742
2744
3044
2901
2891
2897
2898
2900
2891
2739
2724
2721
2722
2736
2891
2901
2739
2735
2736
2897
2734
2891
2724
2722
2723
2733
2890
3044
2891
2898
2896
2899
3048
3036
2901
2902
2903
3039
2738
2739
2901
2735
2741
2740
2743
2738
2882
2737
2744
2715
2743
2553
2738
2557
2715
2555
2324
2343
2131
2130
2128
2323
2120
2324
2115
2113
2114
2123
2539
2720
2527
2525
2526
2533
2523
2522
2712
2517
2518
2519
2536
2523
2712
2518
2532
2520
2720
2539
2731
2538
2717
2533
2527
2343
2324
2323
2322
2341
2332
2527
2324
2322
2325
2333
2720
2546
2527
2524
2525
2540
2320
2522
2523
2519
2319
2321
2724
2739
2549
2548
2550
2721
2734
2724
2545
2544
2541
2723
2344
2546
2545
2543
2339
2345
2720
2890
2734
2732
2719
2718
2901
3044
3048
3046
2903
2900
2901
3036
2882
2884
2885
2902
2738
2901
2882
2885
2737
2741
3044
3043
3176
3040
3042
3041
2889
3044
2893
2887
2894
2888
3044
3176
3048
3047
3046
3042
2332
2324
2120
2123
2121
2325
2320
2332
2120
2121
2122
2318
2539
2527
2332
2333
2330
2526
2546
2344
2343
2340
2342
2345
2734
2546
2720
2540
2719
2542
2734
2545
2546
2543
2542
2541
2344
2135
2136
2134
2133
2137
2320
2523
2332
2334
2318
2319
2553
2743
2552
2556
2554
2555
2708
2875
2712
2711
2707
2710
3051
2904
3036
2905
3038
2906
2708
2516
2583
2513
2585
2514
3051
3175
3186
3182
3052
3053
2522
2516
2708
2514
2521
2515
2772
2583
2586
2584
2587
2582
2772
2776
2931
2774
2770
2769
2545
2724
2531
2529
2530
2544
3290
3204
3319
3208
3287
3210
3299
3290
3394
3288
3292
3289
3170
3033
3168
3032
3166
3035
2939
2776
2779
2775
2778
2773
3076
2939
3083
2936
3077
2935
2931
2776
2939
2773
2932
2774
3536
3567
3559
3560
3531
3535
3520
3536
3559
3531
3518
3519
3482
3418
3488
3414
3474
3417
3084
3091
3213
3089
3085
3087
3064
2929
2917
2915
2918
2927
2893
3044
2890
2899
2895
2887
3175
3300
3186
3180
3182
3184
3300
3298
3186
3181
3180
3295
3176
3300
3175
3184
3183
3174
3395
3392
3298
3296
3294
3390
3299
3395
3300
3297
3291
3293
3299
3394
3395
3388
3293
3292
3480
3520
3466
3468
3464
3483
3482
3480
3411
3412
3410
3484
3482
3536
3480
3481
3484
3485
3319
3394
3290
3288
3287
3322
3316
3319
3209
3207
3205
3318
3213
3316
3209
3205
3203
3212
3084
3213
3209
3203
3086
3085
3217
3327
3213
3214
3215
3219
3327
3407
3316
3320
3315
3330
3411
3394
3319
3322
3317
3391
3482
3411
3407
3406
3408
3410
3327
3418
3407
3409
3330
3328
3536
3520
3480
3483
3481
3519
3466
3394
3411
3391
3405
3393
3463
3466
3520
3468
3467
3465
3463
3392
3466
3389
3465
3396
2772
2875
2708
2710
2709
2771
2772
2931
2875
2874
2771
2770
2595
2772
2586
2587
2588
2589
2939
2779
2942
2780
2940
2778
2595
2776
2772
2769
2589
2596
2595
2779
2776
2775
2596
2591
3028
3076
3168
3079
3031
3029
3209
3083
3084
3082
3086
3080
3213
3327
3316
3315
3212
3214
3071
3091
3084
3087
2943
3072
3200
3071
3070
3067
3068
3066
3213
3091
3217
3092
3215
3089
2928
2921
2764
2759
2760
2919
3075
3070
2928
2925
2924
3069
3195
3199
3064
3065
3063
3192
3200
3216
3091
3090
3088
3198
3312
3401
3323
3325
3305
3313
3415
3418
3331
3333
3332
3419
3071
2921
3070
2922
3067
2920
3290
3299
3170
3171
3172
3289
3170
3043
3033
3034
3035
3045
3168
3204
3290
3210
3169
3167
3033
2881
3028
2878
3030
2879
3076
2931
2939
2932
2935
2933
3168
3033
3028
3030
3031
3032
2881
2875
3028
2876
2878
2877
3179
3300
3176
3174
3185
3178
3170
3179
3176
3185
3050
3173
3299
3300
3179
3178
3177
3291
3298
3300
3395
3297
3294
3295
2772
2708
2583
2585
2582
2709
3076
3204
3168
3167
3079
3078
2931
3076
3028
3029
2934
2933
3083
3204
3076
3078
3077
3081
3168
3290
3170
3172
3166
3169
3209
3204
3083
3081
3080
3206
3209
3319
3204
3208
3206
3207
3043
3044
2889
2888
2892
3041
2522
2320
2516
2317
2515
2321
2881
3033
2889
2886
2880
2879
2523
2539
2332
2330
2334
2331
2536
2731
2539
2538
2534
2537
2523
2536
2539
2534
2331
2520
2728
2893
2731
2730
2725
2726
2712
2728
2536
2535
2532
2714
2712
2881
2728
2716
2714
2713
2708
2712
2522
2517
2521
2707
2889
3033
3043
3034
2892
2886
2728
2889
2893
2894
2726
2727
2728
2881
2889
2880
2727
2716
2875
2881
2712
2713
2711
2877
2875
2931
3028
2934
2876
2874
2893
2890
2731
2729
2730
2895
2536
2728
2731
2725
2537
2535
3176
3043
3170
3045
3050
3040
3299
3179
3170
3173
3171
3177
3175
3048
3176
3047
3183
3049
3175
3036
3048
3039
3049
3037
2779
2595
2592
2590
2594
2591
2577
2764
2592
2593
2574
2575
2942
3084
2939
2937
2940
2938
2764
2779
2592
2594
2593
2757
2758
2764
2577
2575
2576
2762
2573
2758
2577
2576
2570
2571
2766
2929
2928
2930
2768
2767
2921
2779
2764
2757
2759
2777
3084
2942
3071
2941
2943
2938
3084
3083
2939
2936
2937
3082
3466
3395
3394
3388
3393
3387
3466
3392
3395
3390
3387
3389
2921
3071
2942
2941
2923
2920
2779
2921
2942
2923
2780
2777
2764
2758
2928
2761
2760
2762
2573
2577
2377
2378
2376
2570
2169
2381
2371
2372
2170
2172
2381
2580
2573
2572
2379
2380
2746
2910
2754
2753
2749
2747
2928
3070
2921
2922
2919
2925
2766
2928
2758
2761
2763
2768
2929
3075
2928
2924
2930
2926
2917
2929
2766
2767
2765
2915
3064
3075
2929
2926
2927
3062
2496
2478
2299
2298
2297
2479
2475
2496
2299
2297
2300
2474
2672
2690
2496
2494
2493
2673
2850
2680
2678
2686
2685
2681
2492
2296
2487
2294
2482
2295
2573
2373
2371
2375
2374
2370
2371
2373
2166
2167
2168
2375
2157
1973
2163
1974
2156
1969
1980
2157
2169
2155
1978
1977
1980
1965
2157
1966
1977
1967
2580
2766
2758
2763
2581
2579
2573
2580
2758
2581
2571
2572
2381
2566
2580
2569
2380
2382
2371
2381
2573
2379
2374
2372
2363
2367
2566
2366
2362
2364
2496
2690
2677
2679
2495
2494
2157
2363
2169
2171
2155
2154
1779
1973
1965
1968
1776
1777
1970
2153
2163
1971
1972
1975
1973
2157
1965
1966
1968
1969
2566
2381
2363
2365
2362
2382
2565
2566
2367
2366
2368
2567
2754
2766
2580
2579
2578
2756
2169
2166
1980
1979
1978
2165
2381
2169
2363
2171
2365
2172
2371
2166
2169
2165
2170
2168
2163
2363
2157
2154
2156
2162
2565
2367
2360
2358
2361
2368
2565
2754
2566
2564
2567
2563
2487
2678
2492
2491
2482
2488
2285
2487
2296
2294
2283
2286
2285
2478
2487
2480
2286
2284
2299
2478
2278
2280
2281
2298
2677
2678
2487
2488
2489
2683
2496
2677
2478
2481
2479
2495
2690
2853
2850
2851
2689
2687
2842
2690
2672
2673
2674
2688
2850
3003
2846
2849
2847
2856
2690
2850
2677
2684
2679
2689
2853
3009
2850
2855
2851
2854
2677
2487
2478
2480
2481
2489
2287
2296
2492
2295
2292
2291
2100
1911
2103
1912
2098
1917
2086
2107
2278
2106
2084
2087
1779
1959
1970
1958
1778
1775
1320
1487
1322
1327
1317
1324
1800
1630
1631
1627
1635
1628
1999
1800
1805
1803
1801
1797
1996
2186
2153
2151
1994
1993
1970
1973
1779
1777
1778
1976
2153
1970
1959
1958
1964
1975
2163
1973
1970
1976
1972
1974
2360
2160
2153
2152
2150
2164
2367
2363
2163
2162
2159
2364
1779
1607
1768
1609
1767
1608
1603
1607
1458
1457
1459
1605
1621
1793
1772
1774
1622
1620
1959
1779
1768
1767
1770
1775
2100
1910
1911
1909
1917
1908
1626
1480
1617
1468
1614
1481
1785
1791
1626
1623
1618
1784
1798
1805
1634
1639
1633
1804
1139
1300
1322
1138
1141
1140
1785
1780
1983
1781
1786
1783
1791
1785
1988
1787
1790
1784
1617
1780
1785
1783
1616
1615
1808
1798
1791
1641
1788
1796
1613
1463
1496
1461
1493
1462
1647
1613
1496
1493
1494
1611
1780
1617
1613
1610
1612
1615
1300
1467
1320
1315
1303
1301
1322
1300
1320
1303
1317
1138
1337
1161
1331
1160
1332
1158
1139
1298
1300
1296
1140
1125
1123
1161
1298
1159
1121
1122
1496
1490
1645
1491
1495
1489
1780
1613
1647
1611
1650
1612
1337
1490
1496
1489
1335
1334
1613
1617
1467
1464
1466
1610
1298
1161
1337
1158
1297
1159
2092
1910
2100
1908
2091
1907
2287
2092
2100
2091
2097
2090
1905
1901
2092
1899
1906
1902
1631
1805
1800
1803
1635
1638
1304
1314
1471
1313
1305
1307
1484
1632
1631
1637
1483
1485
1322
1487
1323
1325
1326
1327
1320
1480
1487
1482
1324
1321
1791
1991
1808
1809
1788
1789
1617
1785
1626
1618
1614
1616
1988
1991
1791
1789
1790
1986
1983
1988
1785
1787
1786
1984
2173
2181
1988
1989
1987
2175
2198
2201
2013
2015
2012
2197
2201
2402
2405
2406
2202
2203
2013
2201
2173
2176
2014
2015
2198
2402
2201
2203
2197
2199
2186
2360
2153
2150
2151
2184
1961
1996
2153
1994
1963
1962
2004
2190
2186
2185
1997
2001
1808
2003
1999
1998
1807
1806
2559
2606
2750
2601
2560
2562
2186
2396
2360
2357
2184
2187
2397
2606
2396
2393
2395
2391
2385
2400
2192
2193
2191
2386
2784
2783
2948
2787
2785
2781
2606
2784
2750
2745
2601
2603
2604
2783
2784
2781
2602
2605
2599
2604
2400
2399
2390
2598
2599
2783
2604
2605
2598
2597
2092
2287
2095
2094
2089
2090
1630
1471
1631
1474
1627
1475
1298
1463
1300
1302
1296
1299
2095
1905
2092
1906
2089
1904
1812
2004
1996
1995
1810
1811
1999
1812
1800
1799
1797
1813
1999
2004
1812
1811
1813
2000
1983
2013
2173
2014
1982
1981
1647
1821
1780
1782
1650
1649
1821
1814
2009
1817
1818
1816
2013
1821
2009
1818
2010
1820
1647
1814
1821
1816
1649
1648
1727
1814
1645
1644
1646
1725
1727
1901
1905
1902
1726
1728
1645
1560
1727
1558
1646
1559
1647
1645
1814
1644
1648
1643
1490
1560
1645
1559
1491
1492
1647
1496
1645
1495
1643
1494
1821
1983
1780
1781
1782
1819
1463
1613
1467
1466
1460
1462
1331
1405
1490
1403
1330
1333
1603
1454
1604
1456
1600
1455
1304
1126
1136
1128
1131
1129
1630
1604
1471
1470
1475
1469
1293
1118
1288
1119
1286
1120
970
812
808
805
806
809
1047
1155
970
972
973
1045
1161
1123
975
974
977
1122
975
1123
932
930
931
974
1331
1161
1155
1156
1154
1160
1405
1331
1235
1233
1234
1333
1405
1560
1490
1492
1403
1404
1463
1467
1300
1301
1302
1460
1337
1463
1298
1299
1297
1336
1337
1496
1463
1461
1336
1335
780
657
629
628
626
656
1139
1152
969
968
967
1142
1298
1139
1123
1124
1121
1125
1322
1152
1139
1142
1141
1151
1152
1323
1148
1144
1147
1150
946
1139
969
967
949
947
1322
1323
1152
1150
1151
1326
1988
1983
2173
1982
1987
1984
1480
1320
1467
1315
1465
1321
1617
1480
1467
1465
1464
1468
1634
1805
1632
1636
1640
1639
1487
1634
1632
1640
1488
1486
1798
1808
1999
1807
1802
1796
1626
1798
1634
1633
1624
1625
1626
1791
1798
1641
1625
1623
1337
1331
1490
1330
1334
1332
938
941
1136
940
936
937
633
491
513
498
506
494
788
633
640
631
639
632
489
495
633
492
497
493
360
489
502
490
361
359
351
355
495
352
349
350
360
351
489
354
359
344
505
360
502
361
500
362
486
341
360
343
363
340
218
213
351
210
219
202
767
629
669
617
668
627
975
932
812
811
810
931
780
629
767
627
766
626
946
780
932
778
781
779
946
800
780
777
779
797
800
798
657
659
658
796
969
963
946
804
949
957
969
1148
963
965
957
966
788
789
961
794
785
787
792
643
655
644
654
642
789
648
792
646
795
647
962
789
792
795
790
793
788
640
789
638
787
639
789
640
648
641
647
638
771
788
783
786
768
634
637
633
788
632
635
630
771
637
788
635
634
636
938
771
783
768
773
769
938
774
771
770
769
776
502
489
633
497
499
490
505
502
637
501
504
500
505
486
360
363
362
481
771
619
637
618
636
622
941
938
783
773
784
937
1136
1126
939
935
943
1128
360
341
218
220
221
343
633
513
640
517
631
506
512
643
648
645
511
515
651
543
657
530
652
529
798
651
657
652
659
653
655
521
524
525
520
528
798
655
651
649
653
650
800
963
798
799
796
801
780
800
657
658
656
777
946
963
800
801
797
804
792
648
643
645
642
646
962
792
798
791
802
790
962
961
789
794
793
955
365
367
223
229
232
364
125
262
223
222
123
128
527
655
643
644
519
523
367
365
510
369
370
364
948
946
932
781
929
951
1143
1148
1323
1144
1149
1146
1309
1143
1323
1149
1153
1145
964
1148
1143
1146
959
954
962
798
963
799
958
802
1288
1118
1114
1113
1116
1119
1126
1288
1114
1116
1115
1117
1449
1603
1458
1459
1452
1450
1289
1449
1288
1287
1285
1291
1454
1603
1449
1450
1451
1455
925
1114
922
923
924
919
763
922
758
759
757
762
372
367
510
370
371
368
1155
1235
1331
1233
1154
1157
1114
1118
927
928
926
1113
1289
1126
1304
1129
1292
1127
1449
1289
1454
1290
1451
1291
1288
1126
1289
1127
1285
1117
922
1114
927
926
920
923
925
939
1114
933
919
921
621
619
774
623
620
624
615
621
758
616
614
613
615
482
621
483
613
484
774
938
939
942
775
776
925
774
939
775
921
772
619
771
774
770
623
622
758
621
763
625
757
616
505
637
619
618
503
504
964
1135
941
944
934
952
1304
1454
1289
1290
1292
1306
941
1135
1136
1132
940
944
1471
1454
1304
1306
1305
1453
1476
1484
1631
1483
1477
1473
1471
1476
1631
1477
1474
1472
1314
1309
1476
1311
1312
1308
1603
1768
1607
1609
1605
1601
1293
1449
1458
1452
1294
1295
1604
1768
1603
1601
1600
1602
1471
1604
1454
1456
1453
1470
1621
1630
1793
1629
1620
1619
1768
1621
1772
1622
1769
1606
1604
1630
1621
1619
1599
1469
1288
1449
1293
1295
1286
1287
486
505
619
503
487
481
482
486
621
488
483
485
482
341
486
340
485
342
763
925
922
924
762
761
774
763
621
625
620
760
774
925
763
761
760
772
1136
939
938
942
936
943
1126
1114
939
933
935
1115
619
621
486
488
487
624
1155
1161
975
977
976
1156
970
1155
975
976
971
972
1047
1235
1155
1157
1045
1046
1328
1323
1487
1325
1319
1329
1484
1328
1487
1319
1478
1318
1484
1476
1328
1316
1318
1473
1632
1484
1487
1478
1488
1485
1480
1634
1487
1486
1482
1479
1805
1631
1632
1637
1636
1638
1476
1471
1314
1313
1312
1472
360
218
351
219
344
221
657
543
629
541
628
530
633
637
502
501
499
630
513
512
648
511
514
516
640
513
648
514
641
517
513
376
380
378
381
377
353
211
204
205
206
207
376
246
380
245
378
247
358
376
491
375
356
345
358
240
376
243
345
242
808
663
661
665
660
666
864
808
709
710
711
807
812
669
808
670
805
667
970
975
812
810
809
971
864
970
808
806
807
862
864
1047
970
973
862
863
961
962
1148
956
953
955
941
961
964
960
934
803
783
788
961
785
782
786
355
351
213
210
208
350
211
355
213
208
209
212
495
491
633
494
492
496
173
175
105
67
84
174
495
489
351
354
349
493
353
495
355
352
346
347
358
491
495
496
357
356
353
215
358
216
348
217
495
353
358
348
357
347
355
211
353
207
346
212
380
372
512
373
379
374
513
380
512
379
516
381
513
491
376
375
377
498
204
215
353
217
206
203
204
313
215
168
203
169
709
808
661
660
664
710
663
533
537
534
535
532
661
663
537
535
536
665
1148
962
963
958
965
956
1152
1148
969
966
968
1147
964
961
1148
953
954
960
1309
1135
1143
1130
1145
1137
1135
1314
1136
1134
1132
1133
1143
1135
964
952
959
1130
1309
1314
1135
1133
1137
1308
1328
1309
1323
1153
1329
1310
1328
1476
1309
1311
1310
1316
1304
1136
1314
1134
1307
1131
941
783
961
782
803
784
542
669
543
544
539
540
948
1123
1139
1124
945
950
946
948
1139
945
947
951
932
1123
948
950
929
930
313
316
173
171
172
310
593
453
595
454
592
455
456
462
598
459
460
461
316
313
462
311
312
310
533
395
537
397
534
396
669
542
663
538
662
540
271
255
139
134
135
253
402
388
271
267
272
274
663
542
533
531
532
538
407
388
402
274
403
386
524
651
655
649
520
522
407
524
388
389
386
406
543
651
524
522
518
529
669
629
543
541
544
617
808
669
663
662
666
670
767
932
780
778
766
764
812
767
669
668
667
765
812
932
767
764
765
811
138
139
41
44
43
133
395
400
263
266
264
394
388
255
271
253
267
252
524
521
388
387
389
525
75
92
189
81
73
74
148
69
185
68
70
71
93
92
75
74
18
88
125
223
90
89
85
123
124
261
262
258
122
127
27
119
30
31
25
26
30
119
124
120
29
31
382
255
388
252
385
254
391
382
521
384
393
383
261
250
382
248
259
249
367
230
228
226
227
231
407
542
543
539
408
405
524
407
543
408
518
406
402
542
407
405
403
404
268
402
271
272
270
269
400
542
402
404
399
398
400
395
533
396
401
394
542
400
533
401
531
398
268
263
400
266
273
265
402
268
400
273
399
269
271
139
138
133
136
135
263
268
130
129
132
265
41
139
113
116
42
44
553
678
557
559
552
554
283
416
423
417
284
285
570
702
678
572
568
569
416
434
553
435
418
419
575
697
707
690
574
576
436
575
570
571
439
437
560
425
426
428
429
430
166
152
295
153
161
154
299
166
295
161
297
162
165
61
166
64
163
63
602
463
598
465
600
464
744
602
741
604
739
605
1083
899
896
894
895
901
610
475
602
476
603
477
749
610
744
606
747
611
749
607
610
612
611
608
475
330
463
331
466
332
744
610
602
603
605
606
480
472
339
338
337
473
201
189
92
81
83
188
339
201
196
197
198
199
339
328
201
200
199
327
295
152
288
155
156
153
521
382
388
385
387
384
391
510
365
369
366
392
655
527
521
526
528
523
643
510
527
508
519
507
798
792
655
654
650
791
262
365
223
232
222
257
512
510
643
507
515
509
512
372
510
371
509
373
124
125
34
36
35
126
255
382
250
248
251
254
262
125
124
126
122
128
391
262
261
258
260
256
391
365
262
257
256
366
527
391
521
393
526
390
527
510
391
392
390
508
228
223
367
229
227
225
34
75
69
72
17
19
90
93
125
33
85
94
90
228
93
87
94
95
34
30
124
29
35
28
93
34
125
36
33
32
69
30
34
28
17
16
185
69
75
72
76
68
148
51
69
49
71
52
148
152
51
53
52
149
182
148
185
70
181
150
182
288
148
151
150
167
306
426
425
428
291
304
323
306
182
180
183
307
323
447
306
305
307
321
185
323
182
183
181
184
328
470
323
322
324
325
166
299
165
164
163
162
425
294
288
289
290
298
434
570
553
555
435
432
166
62
152
65
154
59
41
8
40
2
39
1
130
138
40
37
38
131
8
61
56
54
10
7
113
22
41
23
42
20
113
27
22
21
20
24
255
250
139
117
134
251
62
166
61
64
60
59
190
97
175
77
176
78
196
190
330
192
194
193
96
97
190
78
79
98
475
463
602
464
476
466
96
190
196
193
80
79
318
463
330
331
320
319
190
318
330
320
192
191
175
316
318
309
177
178
318
316
456
314
317
309
230
233
112
110
103
224
240
358
215
216
214
242
173
105
215
107
170
84
239
376
240
243
237
241
239
246
376
247
241
238
112
239
105
106
104
109
112
246
239
238
109
111
175
112
105
104
67
66
97
96
230
100
99
98
318
190
175
176
177
191
233
367
372
368
234
235
246
233
372
234
244
236
230
367
233
235
224
231
97
230
112
103
101
99
228
90
223
89
225
95
96
228
230
226
100
102
96
92
228
91
102
86
372
380
246
245
244
374
313
453
462
452
311
315
1735
1570
1736
1572
1740
1571
1100
1109
915
914
912
1106
1088
1101
1100
1104
911
1090
1109
1095
1034
1031
916
1096
1278
1109
1100
1106
1105
1107
1278
1276
1109
1108
1107
1279
1272
1439
1443
1440
1273
1274
1278
1272
1443
1273
1280
1275
1101
1088
1268
1089
1092
1090
1448
1284
1276
1283
1277
1281
1425
1261
1426
1262
1430
1263
1418
1414
1567
1416
1420
1413
1570
1418
1567
1420
1569
1423
1067
1060
1252
1066
1070
1062
1050
1067
1239
1068
1054
1051
1050
1060
1067
1062
1051
882
870
1050
1049
1053
872
871
870
874
1050
877
871
869
1406
1237
1412
1241
1410
1240
1561
1406
1412
1410
1411
1407
1435
1268
1406
1267
1408
1269
902
1056
1088
1048
904
905
753
902
910
903
754
751
865
1049
902
873
866
867
1268
1439
1272
1274
1271
1270
1268
1435
1439
1437
1270
1269
1101
1268
1272
1271
1102
1092
1237
1406
1268
1267
1236
1240
1264
1260
1427
1258
1266
1259
1261
1264
1426
1265
1262
1257
1261
1078
1264
1087
1257
1082
1080
899
1083
901
1085
900
1061
890
1080
891
898
893
1418
1252
1414
1250
1413
1249
1255
1417
1412
1409
1248
1254
890
899
1080
900
891
892
1083
1260
1264
1259
1079
1081
1080
1083
1264
1079
1086
1085
1078
1061
1080
898
1084
1059
1414
1246
1261
1245
1256
1247
1414
1252
1246
1244
1247
1250
749
744
899
746
748
747
1078
1246
1061
1064
1059
1077
1264
1078
1080
1084
1086
1087
1261
1246
1078
1077
1082
1245
607
480
610
479
612
478
896
883
1072
886
897
884
595
731
593
591
592
597
557
678
687
679
558
559
415
423
550
420
414
412
278
415
409
411
279
280
278
157
283
158
281
147
283
157
299
159
282
158
415
283
423
284
412
286
415
278
283
281
286
280
299
157
165
160
164
159
434
299
295
297
300
301
416
283
299
282
296
285
434
416
299
296
301
419
294
434
295
300
292
293
288
294
295
292
156
289
425
434
294
293
298
302
436
570
434
432
433
439
425
436
434
433
302
427
560
426
440
424
431
429
553
423
416
417
418
422
277
278
409
279
275
276
277
146
278
144
276
140
92
96
196
80
82
86
201
328
189
186
188
200
330
333
196
195
194
329
472
328
339
327
338
326
93
75
34
19
32
18
46
56
141
55
47
45
333
339
196
198
195
335
475
333
330
329
332
334
480
607
472
469
473
478
475
480
333
336
334
474
475
610
480
479
474
477
896
899
744
746
745
894
189
185
75
76
73
179
196
201
92
83
82
197
328
323
189
187
186
324
607
584
470
471
468
585
148
288
152
155
149
151
189
323
185
184
179
187
306
425
288
290
287
291
93
228
92
91
88
87
112
233
246
236
111
110
138
41
40
39
37
43
268
138
130
131
129
137
268
271
138
136
137
270
261
124
119
120
121
127
56
165
141
58
55
57
8
22
61
11
7
9
22
27
62
12
13
21
22
62
61
60
11
13
119
27
113
24
115
26
250
119
113
115
114
118
250
261
119
121
118
249
139
250
113
114
116
117
261
382
391
383
260
259
30
51
27
14
25
15
51
152
62
65
50
53
27
51
62
50
12
14
30
69
51
49
15
16
173
215
313
168
172
170
175
173
316
171
178
174
105
239
240
237
108
106
215
105
240
108
214
107
175
97
112
101
66
77
598
741
602
604
600
599
456
598
463
465
457
460
318
456
463
457
319
317
316
462
456
461
314
312
595
737
731
732
597
596
593
598
462
459
458
594
453
593
462
458
452
455
731
598
593
594
591
601
888
883
737
735
736
885
741
598
731
601
733
599
883
741
731
733
734
742
896
744
741
739
740
745
883
896
741
740
742
884
737
883
731
734
732
735
888
1073
1072
1071
889
887
1072
1083
896
895
897
1074
888
1072
883
886
885
889
1073
1260
1072
1075
1071
1076
