0.0509689667 -0.06057618104
0.06878197822 -0.06126659979
0.05924008416 -0.06080304464
0.05783873629 -0.06948411329
0.05122398432 -0.06780211366
0.05580782363 -0.07829670505
0.04784578153 -0.07626308199
0.07625656734 -0.08305323873
0.06557189508 -0.06933670671
0.07785395834 -0.0718913222
0.06551179964 -0.08085418955
0.08839071483 -0.08570028225
0.1179733767 -0.09005865634
0.1025305807 -0.08753278826
0.1365275181 -0.09083316495
0.1559446554 -0.09267183958
0.1800684991 -0.09133252104
0.2047392035 -0.09115610117
0.2656394127 -0.08303419186
0.2348109205 -0.08630447929
0.09128030921 -0.06144564537
0.1035419771 -0.07361262732
0.0928283516 -0.0727635832
0.07933034032 -0.06123451211
0.1048154634 -0.06065230321
0.136311785 -0.07377576354
0.1198939474 -0.06022683952
0.1221978058 -0.07410030602
0.1777872519 -0.07086135667
0.1555135081 -0.05695326563
0.1593223624 -0.0733617103
0.1369969316 -0.05821480048
0.2299504297 -0.06262956327
0.2275271372 -0.04133369792
0.1991219375 -0.0658998507
0.1773818611 -0.05252562112
0.2000143019 -0.04955583559
0.05785253105 -0.04346933711
0.04937901129 -0.04554781258
0.05964661544 -0.05288355081
0.05114683736 -0.05347159093
0.06814639352 -0.0522955107
0.07812474642 -0.05031303961
0.06635230913 -0.042881297
0.07691641222 -0.04010722341
0.05237443329 -0.0866274699
0.04331576708 -0.08200659169
0.04785917486 -0.09469397441
0.04060040852 -0.09051987256
0.1766907921 -0.1106426503
0.1323030889 -0.1067915153
0.1525669484 -0.1119819689
0.1690020595 -0.1354151803
0.149094521 -0.1295692913
0.07204126452 -0.09338031424
0.05690759121 -0.09931960041
0.06413508237 -0.08999677488
0.06669209666 -0.1042159335
0.0594646055 -0.113538759
0.1077367638 -0.1205104928
0.09809294394 -0.1004694873
0.08395307807 -0.0986369813
0.1137489475 -0.1060170067
0.07870356992 -0.1095355873
0.09197968861 -0.1148625198
0.1286299292 -0.1242874746
0.5005621509 0.2346606547
0.5340691909 0.3067386472
0.2251639813 -0.1414903104
0.2008146358 -0.1093033318
0.2114739719 -0.1708869055
0.1954746442 -0.1395809098
0.2339902623 -0.1102207982
0.296042541 -0.1402175659
0.3050970551 -0.09760213973
0.2744269361 -0.1060361247
0.2586821868 -0.1428452533
0.5413826802 0.1889323008
0.5258901565 0.07364946215
0.4942980994 0.00883924961
0.4444493437 -0.05503897656
0.3407211963 -0.133792421
0.4063773113 -0.1044310651
0.3675027059 -0.1451699483
0.5492284732 0.4466726447
0.2190801767 -0.02040721289
0.3865982456 -0.04211927862
0.2881796885 -0.02089997902
0.3060328574 -0.07335489252
0.2390969829 0.006854366541
0.2471023396 -0.01427117724
0.3328325943 -0.03666192262
0.3506857632 -0.08911683612
0.2613799516 -0.05759294891
0.2541687153 -0.03586172433
0.2772219319 0.001884310206
0.4230850243 0.008593794417
0.4862826001 0.1237001919
0.4561590865 0.06683180337
0.4237050759 0.1155236726
0.3901384868 0.05542812939
0.4454620708 0.1694285458
0.3684538453 0.0103623782
0.3808797533 0.1586860081
0.4226115865 0.2864989975
0.4685167003 0.3973852414
0.4092859768 0.3252946566
0.3919297399 0.4881801001
0.3711131761 0.3933093179
0.3837872652 0.2597702705
0.3464334291 0.175703823
0.3382685475 0.2297724106
0.4046415416 0.2151568997
0.09056256603 -0.049907956
0.1008827394 -0.03530312864
0.1041899622 -0.04893048933
0.0877369257 -0.03894349794
0.0980570991 -0.02433867058
0.1144270136 -0.03324831619
0.1182935631 -0.04627277333
0.1353319954 -0.04429641653
0.1307845476 -0.02826601579
0.167843111 -0.01791828148
0.2134742855 -0.00248184098
0.1521720891 -0.04086639102
0.1976584558 -0.02836069959
0.1740799962 -0.03635412717
0.147625484 -0.02484216689
0.1885989526 -0.01221280353
0.05251322401 -0.02755331466
0.04835658478 -0.0381698719
0.0563007032 -0.03595117138
0.04477532867 -0.03113387387
0.07478632702 -0.03099694544
0.09222968644 -0.01221468527
0.08017757608 -0.01781874265
0.07011955654 -0.02084528229
0.06047854754 -0.02530317586
0.06453555557 -0.03330143442
0.08491128537 -0.02797903988
0.02978289462 -0.1019920955
0.04968010005 -0.108642426
0.04259290322 -0.1146295059
0.05017235225 -0.1216149994
0.0347195183 -0.1077296099
0.04209260104 -0.1018630791
0.03701556943 -0.09666273897
0.0401307478 -0.12804576
0.1828025352 -0.1673308107
0.161660006 -0.1567543674
0.1912517246 -0.1918931561
0.1652820364 -0.1840117922
0.1454565999 -0.1471483887
0.1218365903 -0.1684917446
0.1183466358 -0.1407067799
0.1441395072 -0.1734353489
0.1188330329 -0.19372805
0.04815836581 -0.1388351244
0.03790418649 -0.1446837471
0.05792669288 -0.1480964894
0.06093028962 -0.1296830942
0.09931986551 -0.1584956113
0.08507993927 -0.1484946924
0.08329141943 -0.1277918949
0.07069861669 -0.1389444592
0.06924911096 -0.1184350921
0.1015203593 -0.1346601665
0.1693333989 -0.2117958599
0.3986965976 1.014558496
6.967835004e-31 0.9933181848
0.3866725721 0.437429517
0.7692135683 0.4994821557
0.5929030797 1.08963314
0.5928963289 0.6568670508
0.6139069227 0.4403351028
0.5964827602 0.2541644097
0.6012895169 0.1280325227
0.6899697819 0.1690557736
0.7902241621 0.2829502077
0.2805313583 -0.1780036929
0.1936189264 -0.2544068552
0.2236471802 -0.199601677
0.1967777432 -0.2260052549
0.2280176817 -0.2473480751
0.2566978685 -0.221409652
0.2407970628 -0.1707012903
0.3411835306 -0.2350407263
0.2964321641 -0.2287120546
0.3517438559 -0.1916685659
0.3202656539 -0.1853060955
0.5731872201 -0.002663958309
0.661867485 0.03835929255
0.6124677034 -0.03547316252
0.5198920829 -0.05254456898
0.5564545501 -0.1092091822
0.5284211268 -0.1617637335
0.4690665721 -0.1213823813
0.4301919666 -0.1621212645
0.4661376116 -0.181133502
0.4249854734 -0.2266176449
0.3752217346 -0.2522742092
0.3913173612 -0.2028601477
1.791973467e-32 0.4105790296
0.2349556443 0.6846753344
6.659306344e-31 0.7909434867
6.224623992e-32 0.6269891795
0.1034371232 0.6189102425
0.07131213477 0.5226796246
0.04174606783 0.4350894185
3.195792012e-32 0.4826534544
0.02432837547 0.4085880836
0.02159441883 0.5418735698
0.04440119929 0.4784858556
6.512257885e-31 0.4414753661
0.2945262157 0.4841041765
0.3153427795 0.5789749587
0.2321027313 0.4808497354
0.1823718665 0.5255311077
0.004246677971 0.3861792752
0.02285440881 0.3848639715
1.04834953e-32 0.3687521396
0.01395133565 0.3655265091
0.2058379034 0.01520598074
0.2310916263 0.02797991032
0.325538255 0.1249588807
0.2692165752 0.02300985398
0.3358699213 0.06000342986
0.2881116085 0.05651485622
0.3149794255 0.01579299087
0.2447085187 0.06199996101
0.3584852074 0.1047495794
0.3070406626 0.1004075641
0.2180956942 0.04405269019
0.3001041027 0.1400502379
0.2602002271 0.1558962845
0.2747724654 0.1212705574
0.291939221 0.1941188255
0.3237544207 0.354799803
0.3173973821 0.2658531096
0.3642810278 0.2934431227
0.2737096519 0.3892333943
0.2806358425 0.2957748716
0.2387789872 0.3837077487
0.2499217275 0.3345684077
0.253489365 0.1994476944
0.2351045218 0.2246474849
0.2837743393 0.2481874131
0.2513156747 0.2695424583
0.1197446705 -0.0009958905795
0.126917998 -0.01524155866
0.1112029128 -0.02069830127
0.1047634267 -0.008155877068
0.09146614136 0.01464530316
0.08722536588 -0.002539532188
0.1135995317 0.0104690799
0.09902277471 0.003908795043
0.1727510926 0.02119273181
0.1950950965 0.03302326121
0.1623345461 -0.002566144865
0.1352663152 0.004381152363
0.1536645242 0.01362819302
0.1428104227 -0.008881448978
0.1820480245 0.006137269788
0.04123451412 -0.02426120147
0.0370853469 -0.01892602214
0.04902155545 -0.02087912126
0.04375254671 -0.0137221144
0.07945465499 0.007772249916
0.05642153952 -0.0173049173
0.05950796306 -0.00421168303
0.06606254851 -0.01284702373
0.07570355751 -0.008389130161
0.0686747091 0.0004063110932
0.05087497616 -0.01004083432
0.07192504646 0.01600673377
0.01428274136 -0.1095445799
0.02748684349 -0.1130589665
0.02255021981 -0.107321452
0.03242346718 -0.1187964809
0.01932292047 -0.1164686562
0.02062604269 -0.1266758518
0.03219853134 -0.1348096998
0.04823664981 -0.1552749303
0.02891162922 -0.1497296856
0.01632668011 -0.1540122282
0.03241397832 -0.1670033613
0.0171643547 -0.139871709
0.1681441931 -0.2431386336
0.1467988631 -0.201120618
0.1209839854 -0.214143127
0.1175340876 -0.2379166862
0.1388794176 -0.2799347018
0.09891828401 -0.2034954309
0.07746569548 -0.2236544771
0.1000290464 -0.223837811
0.09676733148 -0.1830803539
0.054570447 -0.1723862674
0.08230799535 -0.1708917391
0.09391608095 -0.2463942934
0.07457059525 -0.1604183243
0.0786913581 -0.2047077434
0.06537922104 -0.188371088
0.07131968667 -0.2470823588
0.1737829116 -0.3656101657
0.1620035761 -0.3122192241
0.2069356882 -0.3459081908
0.1894895231 -0.2851566492
0.2294110666 -0.2777427465
0.1608107632 -0.4239679182
0.8372645438 0.2155186925
1.387424549 0.4578912451
1.449854289 0.09140544324
1.144931545 0.2573140857
0.6049271052 1.666762119
1.017428235 0.2437721295
1.506083303 1.106324097e-30
1.017128445 0.4233139552
0.8855392455 0.0844621345
0.7505833547 0.08479724698
0.8202775474 0.005926668516
0.7158987105 -0.01231656161
0.242739066 -0.3386999524
0.304484006 -0.3256624012
0.2725986743 -0.2721180138
0.3051971361 -0.2860691836
0.3499824249 -0.3432893442
0.4060580041 -0.3318284634
0.4075995179 -0.2722267412
0.3497219184 -0.2925399726
0.6296189164 -0.1526298265
0.6724765251 -0.08603422555
0.7709906304 -0.09116183115
0.7243455067 -0.1977717429
0.5826350756 -0.2148032597
0.6799847598 -0.2627563998
0.5212149171 -0.2259144058
0.5946358124 -0.2711352905
0.5335217574 -0.2837695209
0.4634703291 -0.2997072107
0.4589314019 -0.2452841743
0.008067592091 0.3425534054
-4.481943464e-31 0.3524623022
6.007401681e-33 0.344741163
0.01416061287 0.3521649493
0.03255906649 0.3642112054
0.2073644266 0.3407892036
0.09411891523 0.4592919104
0.1347661625 0.4323689749
0.1674533135 0.4472803337
0.08408731563 0.3820776417
0.05492990729 0.4038838409
0.04322176358 0.383196073
0.1041987356 0.4032438546
0.1196504698 0.4540826276
0.05706250262 0.3627137698
0.06720797975 0.4150981415
0.1743105589 0.3459715502
0.1582933757 0.3800112537
0.1908954243 0.3792521527
0.04890991913 0.3459944813
0.02365599333 0.344873743
0.03745110723 0.3383619622
0.02754389437 0.3313371845
0.018768975 0.3397386309
0.2303313385 0.07846175357
0.2081421685 0.05990925262
0.1857981645 0.04807872323
0.256274873 0.0967192408
0.2475877009 0.1305714151
0.1946018537 0.07571173174
0.2193807496 0.09495393941
0.2057117974 0.1239367099
0.2315670442 0.1602226339
0.1884922316 0.1682669179
0.2131822011 0.1854224244
0.1842710852 0.2947592579
0.2177061701 0.2999694366
0.1825680512 0.2616526026
0.2034043346 0.2454842012
0.1729523017 0.1865238912
0.1947973579 0.2106222149
0.1718567434 0.2214375398
0.1277222077 0.01764375371
0.1461204167 0.02689079436
0.1193586065 0.03444402903
0.1044498304 0.02287723567
0.07013034508 0.02552384801
0.09438319704 0.03598648844
0.07947442091 0.02441969508
0.08099038966 0.03531300386
0.1539544539 0.05628062866
0.1645186257 0.03613783501
0.1731344079 0.06371420356
0.135057558 0.04532867594
0.03909666776 -0.008513394147
0.03335647235 -0.01379207213
0.0316045752 -0.003291355623
0.02711626808 -0.009450950812
0.04368333605 0.009313615159
0.05380603701 0.002633456578
0.04517305011 -0.003195694715
0.03736431431 0.002035493919
0.06243902392 0.00846260787
0.06038890729 0.01830294544
0.05150479267 0.015287073
0.05009574453 0.02422961568
0.06744606426 0.03623457518
0.05879461809 0.02685203694
0.05500711779 0.03533059916
0.006062035893 -0.1123036435
-0.0008009560559 -0.1121093291
0.007908294863 -0.1210076624
0.006717767088 -0.1422397557
-0.001027687199 -0.1202291011
-0.00365210776 -0.1303341521
0.005591866051 -0.131737861
0.03252334016 -0.1837180089
0.01895652749 -0.1683266851
0.01642215841 -0.1875499925
0.04537907279 -0.2003390311
-0.005223930509 -0.1415576189
-0.00937977692 -0.1549435272
0.002855345745 -0.1721586687
0.005389714826 -0.1529353612
0.1245387227 -0.3800102078
0.08826931203 -0.2747127544
0.1461298909 -0.3347478977
0.06067063871 -0.2675477848
0.1131775352 -0.3043326228
0.09061142875 -0.3370147374
0.06692098144 -0.3015238139
0.06902026048 -0.3822770475
0.02211866924 -0.2326502554
0.0443622153 -0.2410642285
0.05501126326 -0.2205988025
0.0255610729 -0.2067361331
0.03371316734 -0.2615296545
-0.002340897298 -0.2793180101
0.03657475767 -0.2973972768
0.007088545686 -0.2498339585
0.1029475544 -0.4252725179
0.144618782 -0.4729800967
0.05793993461 -0.426742516
0.06564230239 -0.4927079189
0.2048380877 -0.4564589819
0.2629275988 -0.4536975246
0.2817258167 -0.4013612147
0.2202636877 -0.4068653968
0.1999462086 -0.5769580487
0.1045924421 -0.5391991089
0.259141881 -0.5021188591
0.1835689218 -0.5194712867
1.354097486 0.06668668526
1.406477452 0.04538112208
1.369398545 5.405768169e-32
1.338648966 0.003896108038
1.017728025 0.06423030379
0.9552334382 0.005591556041
1.286269 0.02520167121
1.193147389 -0.002349621527
1.074710023 -0.01237775572
1.145231335 0.07777226002
1.30171752 0.08799224843
0.8899717401 -0.07294390994
0.9429531039 -0.179278646
1.009810121 -0.08952990417
0.842298551 -0.2057228799
0.4076049942 -0.377258587
0.43452798 -0.4481206602
0.5035888759 -0.4330077234
0.3447629055 -0.3855975677
0.3314768089 -0.4393564776
0.4638346386 -0.3544904428
0.5347559004 -0.3429675744
0.691772573 -0.3166487016
0.778093626 -0.3194084229
0.8794285531 -0.3106071169
0.7839624238 -0.4144228488
0.5745101377 -0.4214848549
0.6976413708 -0.4116631275
0.6054515199 -0.3138889802
0.02193280855 0.3247089162
4.602091498e-31 0.3370200238
0.002960710678 0.3291751367
2.782978071e-33 0.3315456737
0.008067592091 0.3348322662
0.01340348191 0.3310683411
0.0134304839 0.3204579894
0.008483864083 0.3275743854
0.07090324166 0.3422314667
0.0594614829 0.3365548805
0.1510050741 0.3025096594
0.1102688507 0.3320054627
0.09792805467 0.3615953386
0.1190173121 0.2974407786
0.1256062247 0.3650998949
0.1416234079 0.3398141987
0.08256935601 0.3192000397
0.1493020401 0.2694030042
0.06928241071 0.3127513494
0.03721830031 0.3208048281
0.04439424577 0.3056476181
0.05040309999 0.3272181854
0.01979851504 0.3125992133
0.03358468412 0.3016715438
0.02784140734 0.316531419
0.1217129804 0.2689390456
0.1520695598 0.1103874708
0.1628730085 0.08390493727
0.170457006 0.1293350961
0.1820529625 0.09133851217
0.131702426 0.1779136264
0.1532374402 0.1736653042
0.1475990062 0.2362963489
0.1314350562 0.2121221829
0.1375182839 0.1444479845
0.1502497773 0.2013219988
0.1190049878 0.2404609961
0.06304449049 0.0460041735
0.133064873 0.1026758364
0.08315924739 0.07014268622
0.1046776484 0.04942868132
0.07157195557 0.05878373227
0.1147944315 0.088405906
0.07548343695 0.04690814951
0.09211259622 0.04835068601
0.124046449 0.06236572259
0.1436930544 0.07647136237
0.1007410911 0.07406049567
0.05716428318 0.05640631849
0.04317242878 0.06321900565
0.03577918027 0.01351999539
0.02193874456 0.01039345488
0.02946015854 0.006241874145
0.02582614283 0.000203045865
0.01848439792 0.003482639815
0.01555375057 -0.003305119695
0.02120643213 -0.005715603487
0.02646623218 0.01780916077
0.045586393 0.03194624561
0.02868739801 0.02741649547
0.03666484239 0.0504534917
0.04209820201 0.02079811663
0.05060554402 0.04510019748
0.03175341231 0.03916983765
-0.009593307659 -0.1120055845
-0.01019443828 -0.1197077484
-0.01602310016 -0.1094001903
-0.02390508546 -0.1256117117
-0.01701863184 -0.1397945345
-0.01557909312 -0.1297211375
-0.01884403522 -0.116994284
-0.01290509145 -0.1699802903
0.000320976665 -0.1913819761
-0.01962173059 -0.1876269326
-0.005980465774 -0.2132981892
-0.02853387201 -0.1357080521
-0.02101720709 -0.1532888188
-0.03612624875 -0.1463900418
-0.02791517867 -0.166153469
0.03509296656 -0.3392815771
0.001347984244 -0.3153854658
-0.0170665369 -0.3560061635
0.02328625359 -0.3716961524
0.006451858136 -0.4835566539
-0.05680820756 -0.4565234814
-0.03816842618 -0.3941265991
0.002401952908 -0.4205882619
-0.02664357175 -0.2075263357
-0.03647384693 -0.2300238973
-0.01810222845 -0.2392123115
-0.0234482071 -0.2660018112
-0.04494512046 -0.2005423534
-0.04954381009 -0.2556637631
-0.06509694034 -0.2849153025
-0.03523471941 -0.2970412201
-0.05657661777 -0.3278060298
-0.05435695468 -0.52934535
-0.1232582066 -0.587501637
0.1042752281 -0.5957482081
-0.04958776833 -0.6138743538
0.0256159625 -0.5589269311
0.01835274028 -0.6375855607
0.11250944 -0.686561129
0.3181907122 -0.4931153876
0.4212418833 -0.5018795702
0.3794264081 -0.5711498145
0.2658562253 -0.5682433453
0.254063353 -0.6990294012
0.1986601301 -0.6394054528
0.3227401912 -0.6465622856
1.332536175 -0.08214705233
1.335902239 -0.006960077845
1.302191846 -0.03664170008
1.219045897 -0.07233848175
1.349924589 -1.839231543e-30
1.400169328 -2.688846975e-32
1.362874429 -0.0556370169
1.12785836 -0.0983527142
1.183666939 -0.195696744
1.060654991 -0.199498357
1.25185436 -0.1208107965
0.9830250937 -0.3006439998
0.894821314 -0.4076744261
1.103680264 -0.2968423868
1.008155067 -0.419535272
0.89834367 -0.5420035434
0.5242930544 -0.5106437527
0.6065388097 -0.6090041073
0.4855671578 -0.5794285267
0.7898312217 -0.5094372747
0.7293065774 -0.6181758027
0.6521674009 -0.5074934131
0.003040653135 0.3263631421
-2.66995194e-16 0.3277760888
4.403220824e-31 0.3286528896
0.0008474983872 0.3254269668
0.01759504453 0.042617861
0.02554179182 0.2984417406
0.01345748589 0.3098476378
-0.001721094026 0.3159894689
0.003564246256 0.3240804296
0.01179320581 0.2964754067
0.001539499089 0.3091058724
0.008510866072 0.3169640337
-0.0003793924844 0.3234798859
0.01485918673 0.06306811978
0.01273666363 0.04986646641
0.02915225699 0.06767479129
0.02250647461 0.05390151505
0.06327355649 0.291180782
0.09229571847 0.269400618
0.06750236185 0.2694357405
0.08823989019 0.2895449533
0.02944613973 0.2648954577
0.04282023417 0.2666534443
0.02590686494 0.2848211917
0.03838539155 0.2840770507
0.07808870701 0.2211115292
0.06773398231 0.2450339622
0.09006976718 0.2462319567
0.1024998356 0.2178931436
0.09497659069 0.138117821
0.1196106862 0.1236535214
0.1051179157 0.1098050462
0.1178725918 0.157215438
0.09043766118 0.1703173912
0.0877051235 0.1948836699
0.114929904 0.1895543304
0.07656858949 0.08290065851
0.06652486759 0.1067515373
0.06563330863 0.06914213975
0.04948677983 0.07640299554
0.05533356352 0.09355071772
0.07918343936 0.1242509319
0.08890292285 0.09798025769
0.01916999988 0.07662095082
0.03575095182 0.08110469251
0.02634880812 0.09263741515
0.04015796396 0.09781414649
0.003075555121 0.006597353727
0.009028519182 -0.001395224864
0.01377768753 0.02193688785
0.01394138035 0.01215947195
0.003155416609 -0.0004302372664
0.01195916653 0.005392534646
0.004281590167 0.01378911597
0.003283798378 0.0330040896
0.009736576679 0.03899186317
0.01517162331 0.03260797488
0.004117897354 0.02356653187
-0.0297791994 -0.1019388055
-0.0224355778 -0.1072472367
-0.02718957118 -0.1132981384
-0.0346848371 -0.108077389
-0.04255056268 -0.1148741398
-0.03219035619 -0.1220453593
-0.03927380512 -0.1294889806
-0.03481315026 -0.1790181192
-0.04302422034 -0.159254692
-0.05456204985 -0.1710403073
-0.05038604632 -0.1855792126
-0.06626983799 -0.187228559
-0.08199530795 -0.1866558902
-0.06046783138 -0.2036354876
-0.07044584152 -0.1726896538
-0.05844478211 -0.1474931698
-0.05123529042 -0.1394912648
-0.04963401162 -0.1223177611
-0.06086544316 -0.130623348
-0.08666166473 -0.3163725151
-0.3609418701 -0.5824957121
-0.1771876225 -0.5451653935
-0.2300481486 -0.496913464
-0.1662606869 -0.4545489826
-0.1058881474 -0.3523472638
-0.2823393964 -0.549408483
-0.07814134216 -0.3592632425
-0.1425645059 -0.3900252277
-0.1222784069 -0.4866818779
-0.09863448604 -0.433387091
-0.07671146349 -0.2049014938
-0.05477539565 -0.223039915
-0.1126486644 -0.2990374531
-0.07212170972 -0.2442302484
-0.1138824734 -0.2562783693
-0.09340045506 -0.2314205122
-0.0951819873 -0.2734817878
-0.1155489176 -0.2119143956
-0.003670989788 -0.0005008672065
-0.003750851276 0.006526723786
-0.009409944515 -0.001520810337
-0.3155697146 -0.6361552711
-0.2393968953 -0.5905915729
-0.2423935791 -0.7109248489
-0.1781674221 -0.6459851525
-0.1743655253 -0.7486288123
-0.07947694857 -0.7919252787
-0.1094874852 -0.6854837827
-0.04154697655 -0.7091949895
0.001593270541 -0.8129768668
0.1025714796 -0.8304298724
0.1644304981 -0.7501311674
0.02639353206 -0.7329061964
0.4506947357 -0.7577886583
0.3033952401 -0.7511275441
0.4396967157 -0.6316841827
0.5510440358 -0.6816443638
0.3797045488 -0.7010044241
0.3733304699 -0.806670621
0.2588465723 -0.8377112739
1.37710102 -0.1259033395
1.413086951 -0.05526787083
1.306116535 -0.2235931761
1.444640106 -0.181964017
1.480626036 -0.1113285483
1.542620841 -6.604355561e-32
1.449072881 0.01536759783
0.5620420558 -0.8077488394
1.135960048 -0.4404080569
1.287617895 -0.4279465418
1.216532871 -0.2898948809
1.366886412 -0.2849622708
0.6672620624 -0.8542195873
1.013289109 -0.5909212328
1.164346686 -0.5784597178
1.007102871 -0.716998621
0.8508382002 -0.651578615
0.8092383302 -0.8058304199
0.6624811251 -0.7415856889
-0.3185663984 -0.7564885471
-0.402510052 -0.7827911495
-0.4714186258 -0.5973218296
-0.3927940812 -0.6611301951
-0.4931697777 -0.7414928167
-0.5765888013 -0.6458580544
-0.6286699922 -0.5531291539
-0.003129127806 0.3264501515
-0.001902236934 0.3285963563
2.702025296e-16 0.3317135676
-0.007648332583 0.3169096952
-0.008461624971 0.32709504
-0.003313291413 0.3295975347
-0.004212069404 0.324454483
-0.002590408581 0.050713085
-0.002759002417 0.03866476112
0.005168915056 0.05743721917
0.004425849677 0.04552368963
0.00845811311 0.2642494078
3.980488329e-06 0.2823023793
0.00135937001 0.2953379427
0.01161307674 0.282707477
-0.01189788815 0.3195502521
-0.004348026032 0.2641272906
-0.01108459576 0.3093649073
-0.01654524186 0.3110225895
-0.01169727062 0.2960604023
0.01178234754 0.08641023374
-0.002878070506 0.06386498487
-0.004321104849 0.07901778096
0.004837196485 0.07064205102
-0.01287631293 0.07008103979
0.003347441395 0.2250389014
0.004417329551 0.2458810001
-0.01497993422 0.2457021633
0.02315320901 0.2250506933
0.02476447389 0.2459248555
0.05492876242 0.223263434
0.04520412591 0.2459741898
0.06288602254 0.1992609933
0.04797963036 0.1552251804
0.05680538411 0.1330222115
0.06946395588 0.1505216062
0.04585680385 0.1800619034
0.03216843825 0.2020516984
0.06522619328 0.1748522018
0.03124904684 0.1100573568
0.000253511349 0.09428653924
0.04414681234 0.1155228169
0.02073388342 0.1189496403
0.01749746089 0.1039515279
0.00779022569 0.1126790061
0.03616484265 0.1382574913
-0.01604982238 0.2248600646
-0.00945372385 0.1030140174
-0.007882523851 0.02287187314
-0.01362213678 0.0123363126
-0.01117409721 0.005766275719
-0.005378200012 0.01541875999
-0.01602214139 0.02165134728
-0.01935573048 0.03015219931
-0.009775260674 0.04385415649
-0.00994385451 0.0318058326
-0.0421037645 -0.1018965331
-0.04061582974 -0.0905244817
-0.03438822572 -0.09504921258
-0.06025151553 -0.1132609116
-0.04786358242 -0.09470268727
-0.05241108691 -0.1073977612
-0.05692371276 -0.09932360672
-0.07054931536 -0.1541566953
-0.07296997642 -0.1372868735
-0.08614132126 -0.1464154117
-0.08355373001 -0.1701885133
-0.1221122071 -0.1685031054
-0.1211832961 -0.1864725831
-0.09666055127 -0.1823620337
-0.09924814252 -0.1585889322
-0.0794990863 -0.1092070983
-0.08430633038 -0.1276876843
-0.06749975703 -0.1039576315
-0.07495347379 -0.1197705134
-0.1740653749 -0.3720744466
-0.167247015 -0.3121870702
-0.1388698617 -0.2821543637
-0.1376360527 -0.3249134475
-0.5733871836 -0.4528255488
-0.4196570704 -0.50431766
-0.500031462 -0.430093092
-0.5409171169 -0.5098788306
-0.3077949623 -0.4230210119
-0.2632664121 -0.4471827391
-0.3941288064 -0.4364558279
-0.2029603608 -0.3414036477
-0.255283156 -0.3873754607
-0.3162044525 -0.482620939
-0.2207995653 -0.4066505877
-0.1438882297 -0.1679550484
-0.1391777839 -0.2140138581
-0.1646327234 -0.236575323
-0.1401036707 -0.23939528
-0.1606389626 -0.2638125942
-0.1471356981 -0.1890250001
-0.1684541803 -0.2108050663
-0.1649873808 -0.1780607677
-0.5325015286 -0.3730398102
-0.6053443269 -0.3286099375
-0.697846549 -0.3495447995
-0.6832581259 -0.499501502
-0.611104341 -0.380358294
-0.7700003339 -0.4686880075
-0.8941235673 -0.3694746625
-0.01890524408 0.003331739802
-0.02148217204 -0.005939781409
-0.01520276992 -0.00311634505
-0.2353269987 -0.8202772095
-0.3137565888 -0.8638892543
-0.2076359541 -0.9288184766
-0.133525284 -0.8733159441
0.08642593242 -0.9242005878
-0.03425856139 -0.916635329
0.01950832377 -0.998850625
-0.09498136885 -0.967762126
-0.2860655442 -0.9724305213
0.2071104262 -0.9317658465
0.3312698777 -0.9068038656
0.4616927557 -0.883893134
0.1401928176 -1.006415884
0.2351304708 -1.057407267
0.5412134023 -0.9417791633
0.3673715326 -1.029949624
0.4628897743 -1.116424191
0.1705070281 -1.133793939
1.515415251 -0.2375703648
1.437971437 -0.4230139317
1.581297943 -0.1126160333
1.63703552 -0.3419474048
1.851379369 -2.00122143e-31
1.647180635 0.01233829813
1.702918212 -0.2169930733
0.6382884871 -1.026238551
0.7651617579 -1.174270317
0.8226426211 -0.9511884022
0.5931043662 -1.179710993
1.164131657 -0.7544472897
1.495378739 -0.8084003298
1.306702651 -0.5358293032
1.50771753 -0.491398645
0.7069050006 -1.372659558
1.004869599 -0.8761167681
0.9495158919 -1.099220168
1.209913001 -0.9783754606
-0.392186179 -0.907501299
-0.5028857485 -0.863153771
-0.5109389659 -1.028318541
-0.368992765 -1.01267276
-1.450551651 -0.1822862454
-0.6812365952 -0.7197497845
-0.6383017368 -0.9858151155
-0.776323503 -0.8368007765
-0.5935454743 -0.8218554382
-0.8247672 -1.045833073
-0.8530282085 -0.7392084786
-0.8740875937 -0.540216143
-0.9434297693 -0.6318006471
-0.7267141251 -0.5917841809
-1.106772124 -0.5219262622
-1.544768435 0
-1.477112418 -0.1176618678
-0.01786182026 0.337964635
-6.08525038e-33 0.345079896
-0.01989742346 0.3231745128
-0.002414513422 0.337015818
-0.0106178181 0.3410283511
-0.00756284698 0.3343552903
-0.01271118054 0.3297355969
-0.0106178181 0.3511298173
4.478955537e-31 0.3551813622
-3.001130355e-16 0.3684331373
-0.02043621089 0.06285165594
-0.02688867091 0.05271032396
-0.02135717208 0.04209035947
-0.009606666839 0.05590248037
-0.02524983455 0.329128041
-0.03312399547 0.2240920675
-0.03734344595 0.3215031945
-0.03265433921 0.2853824089
-0.02374528981 0.2645951366
-0.01211080053 0.2810240756
-0.02401724681 0.3114863104
-0.04579513359 0.2670993126
-0.034377198 0.2455233265
-0.01906653399 0.2975527929
-0.03961007268 0.3019111262
-0.05089566901 0.2341018838
-0.04099596582 0.0724762417
-0.01500192424 0.08614908834
-0.03386034048 0.0814431425
-0.02948174129 0.06820293372
-0.02250620795 0.1015045684
-0.03593420131 0.05806160174
-0.02213754959 0.07718218753
-0.04870759469 0.2130044255
-0.01320982248 0.1819116091
-0.03011638901 0.1807361743
0.01505264109 0.1829133886
0.0008213484323 0.1605515905
-0.01620189897 0.1195650808
0.01243378179 0.1413901318
-0.0464709653 0.1902240471
-0.01498707057 0.2034447872
0.00227755324 0.2041968027
0.02825531486 0.1609680405
-0.003387751273 0.121812223
-0.03210838409 0.2036222251
-0.01500018463 0.1409736817
-0.02970363953 0.1382358825
-0.04198612898 0.09723142155
-0.04401928185 0.1157226613
-0.02956456462 0.1176769926
-0.02260771824 0.009779824653
-0.02624081911 0.01828496777
-0.02970937928 0.006086404418
-0.02518464621 0.0005083034424
-0.03662470959 0.03678887734
-0.0295744082 0.0267858198
-0.03434788128 0.0144603971
-0.04094761822 0.02079284169
-0.04331607793 -0.08200761337
-0.04784755404 -0.07626702572
-0.05237620827 -0.08662853282
-0.06004604027 -0.08814474961
-0.05601612826 -0.07835501924
-0.06556914765 -0.08082285397
-0.07204536954 -0.09339421639
-0.1015256705 -0.1347000402
-0.09197851957 -0.1148826488
-0.1183845307 -0.1407113989
-0.1077397675 -0.120533972
-0.1406407613 -0.1468850966
-0.1490888392 -0.1295413981
-0.1617399123 -0.1569908159
-0.1286340805 -0.1242735233
-0.08404469882 -0.09864368317
-0.09819261654 -0.1007165805
-0.08853855927 -0.0856138827
-0.07625668282 -0.08305768505
-0.1690534791 -0.1354205848
-0.5341313401 -0.3185560426
-0.5288108074 -0.2582771512
-0.3734219928 -0.3648174909
-0.1917158971 -0.2589845215
-0.1877221363 -0.2862217927
-0.2374439515 -0.3221285206
-0.2301619906 -0.2679670735
-0.4067071953 -0.332139642
-0.4628799202 -0.2994648512
-0.4682004529 -0.3597437425
-0.4990931468 -0.1955280849
-0.2897667466 -0.3681003336
-0.3277962017 -0.3312215244
-0.282253689 -0.2956880412
-0.229641945 -0.2390678046
-0.1828390634 -0.1670965352
-0.1957096578 -0.2317472503
-0.1935395664 -0.1408047545
-0.2216628693 -0.1661536149
-0.1906767101 -0.1971111179
-0.2340012352 -0.2014418353
-0.687581448 -0.294716545
-0.5687290479 -0.2034692689
-0.6382071746 -0.1867391415
-0.722614466 -0.1979722589
-0.797371786 -0.1320666043
-0.8666172811 -0.245356302
-0.6143418084 -0.266389208
-0.791859961 -0.3112619565
-0.5925944142 -0.1238192025
-1.401901878 0
-1.452052352 0
-1.414374943 -0.05553263528
-1.13410809 -0.3914355259
-1.203829416 -0.2316008426
-1.325963662 -0.2603864145
-1.009668567 -0.4007773902
-1.081461349 -0.2625543413
-0.9741433965 -0.2916553791
-1.25011532 -0.1175390937
-1.36689592 -0.05225802787
-1.334296158 -0.08159826609
-1.36355781 -0.1271716698
-0.8842913734 -0.09441681634
-0.9838392749 -0.05702647036
-0.9413746012 -0.1794506474
-1.0369616 -0.1432532111
-0.03253029421 -0.004036782482
-0.03235267457 -0.0137885411
-0.02776157417 -0.008763217768
-0.4864395276 -1.158054281
-0.1799449094 -1.037359744
0.07327520892 -1.081065921
0.08352410945 -1.175983036
-0.131859008 -1.179445804
-0.04742568776 -1.061242038
-0.0008336345522 -1.205869838
-0.2522120923 -1.083874576
-0.3444933267 -1.1424085
-0.2102434642 -1.241872009
-0.341189649 -1.265208014
0.6212230157 -1.510610964
0.2645622691 -1.183411172
0.5300902189 -1.353730255
0.1775793504 -1.225600269
0.3920909263 -1.269969091
0.5102592842 -1.473221225
0.4070349112 -1.415472916
0.289057821 -1.31489714
0.09059643173 -1.267789367
0.006182903738 -1.299104555
0.09073323189 -1.375165305
0.1951496404 -1.354557893
1.915226472 -0.3536198334
1.765208502 -0.7072396667
2.065244442 -1.168653285e-30
1.696393617 -0.7639696716
2.290929282 -0.3536198334
2.440947252 -2.649789674e-30
0.6041883653 -1.62977938
0.7151749271 -1.667166486
1.378997911 -1.707390156
0.9156355233 -1.39670006
2.603488793 -2.13947706
0.6083353067 -1.757713848
1.684054826 -1.080971356
0.811937136 -1.53090207
1.392400674 -1.18907661
0.9241427562 -1.709064571
0.820444369 -1.843266581
-0.6283857284 -1.173700062
-0.5882109206 -1.348771211
-0.753957452 -1.26525824
-0.4966218655 -1.291484345
-0.6912485573 -1.464742017
-1.582789865 -0.1120482698
-1.391582259 -0.3213469398
-1.258547613 -0.3820936616
-1.231211647 -0.5125843979
-1.479163774 -0.4445326736
-1.515992348 -0.2380083306
-1.63887794 -0.3459901931
-0.9424454321 -0.9052319271
-0.9160642501 -1.400439642
-0.8538052569 -1.564123743
-1.17908878 -1.277742931
-0.9632972158 -1.112238798
-1.184479147 -0.9813519313
-1.088170671 -0.7699362634
-1.392583135 -0.9057032274
-1.442368768 -0.5194816439
-1.176650005 -0.5799016981
-1.691097417 -0.2386377052
-1.854198545 0
-1.638688236 0
-0.01392915995 0.3645159577
-0.02648242229 0.3467697717
-0.03857603369 0.3391449252
-0.03152491288 0.3614393614
-0.0489675133 0.3534114601
-3.109074783e-16 0.3816849124
-0.02254668553 0.3832148521
-1.793947424e-32 0.410079543
-0.05407314103 0.04028154903
-0.04799706911 0.0305520993
-0.04238666134 0.04792026976
-0.04717236895 0.06036735923
-0.06014636353 0.05410155171
-0.05066964508 0.3315200787
-0.06444556987 0.3378698117
-0.05330840699 0.3087546554
-0.07731910073 0.3160631379
-0.0630701759 0.1996062475
-0.07635009603 0.29536992
-0.06125039474 0.2558519359
-0.08508396024 0.2336948915
-0.08082984378 0.2676426827
-0.06667098277 0.2237343963
-0.05340999972 0.29215031
-0.08255681103 0.2075973805
-0.08675092946 0.07388356243
-0.05271875671 0.07673719667
-0.07125850449 0.06359006476
-0.06663218695 0.08640539299
-0.05454269252 0.0930933609
-0.0608335465 0.1768258692
-0.05450732964 0.1547155654
-0.07765585553 0.1852715564
-0.04274224224 0.1687442269
-0.04415835677 0.1362815512
-0.02833914092 0.1592029962
-0.07164875414 0.161901033
-0.07074895365 0.1290123884
-0.07069065728 0.1038152258
-0.05847399909 0.11376833
-0.08963558156 0.1683467464
-0.04437707173 -0.004112198502
-0.03813767592 0.001097829829
-0.04521060197 0.007185923574
-0.03796005629 -0.008653928791
-0.06032839503 0.007655188894
-0.05901289779 0.02249759357
-0.0518268634 0.002005797611
-0.05191938107 0.01333558156
-0.04993149685 -0.06947421554
-0.05796979586 -0.06967985365
-0.05097181977 -0.06057954203
-0.05901011877 -0.06078518014
-0.06600809486 -0.06988549175
-0.06876502646 -0.06128740404
-0.07785572979 -0.07189630088
-0.1118174261 -0.1014592123
-0.1025638519 -0.08755093045
-0.1182028415 -0.08992524113
-0.1322721847 -0.1067270872
-0.1525666715 -0.1119800629
-0.136525436 -0.09084194934
-0.1559599504 -0.09267063325
-0.1766447595 -0.1106874811
-0.1800171837 -0.0913702419
-0.07933296065 -0.06123965211
-0.09258610513 -0.07229091433
-0.103554091 -0.0736358764
-0.09138162864 -0.061369303
-0.5401475903 -0.0960450485
-0.4798162872 -0.1444527403
-0.4627298042 -0.1082296789
-0.5247305179 -0.138300965
-0.2350090261 -0.08628392091
-0.207005904 -0.1117477583
-0.2345188027 -0.1350226554
-0.2336858534 -0.1090165847
-0.2047713397 -0.09123821535
-0.4625168777 -0.2391273306
-0.3527708108 -0.3020999149
-0.2616857855 -0.2310329485
-0.4097523183 -0.2685745812
-0.4116475401 -0.1947026746
-0.4511681947 -0.1952165916
-0.3958744184 -0.1536606398
-0.4178155734 -0.1143814542
-0.2676958435 -0.1356840925
-0.3101092087 -0.162015593
-0.2707309346 -0.1996056545
-0.3178671726 -0.1974013948
-0.4349020564 -0.1506045156
-0.3587488183 -0.2241711033
-0.3072282981 -0.2665664317
-0.2752322341 -0.1607874732
-0.6955903427 0.007150681062
-0.7376027165 -0.05243541508
-0.7665622136 0.06310702859
-0.910849374 0.04314876745
-0.6094720223 -0.06662886977
-0.814820929 -0.01788631991
-0.6620725409 -0.1070890751
-0.4685030515 -0.06107440698
-0.5403691441 0.01589913243
-0.6283588006 0.03778271848
-0.4815877173 -0.01158002541
-0.546500586 -0.04918430638
-1.370234029 0.02265561401
-1.37143483 0
-1.337634267 -0.006684624203
-1.129777881 -0.09800884072
-1.19942289 0.007734342187
-1.219580815 -0.07196569004
-1.069245077 -0.01139774802
-1.305034505 -0.03602486241
-1.33993661 0.003338448981
-1.278687228 0.0268174504
-1.006877819 0.1041838548
-0.8625906585 0.124142116
-0.959267676 0.2445642849
-1.138890086 0.09434543489
-0.04448446581 -0.01446233816
-0.04127541006 -0.02470316949
-0.03778243665 -0.01840568741
-0.4141605012 -1.45191487
-0.337748901 -1.376474598
0.003786485904 -1.406414959
-0.07826371222 -1.331266981
-0.2747208462 -1.499036785
-0.2176132523 -1.457672465
-0.2088355927 -1.353718568
-0.09119680014 -1.425806458
0.3924539942 -1.516682734
0.4973487449 -1.720326742
0.4932018035 -1.592392275
0.392340372 -1.661786393
-0.004736750644 -1.501740316
0.2203846472 -1.564284023
0.3091027387 -1.587760549
0.1936647037 -1.469240763
0.309216361 -1.44265689
0.1172355913 -1.57952192
0.04177817306 -1.568295063
0.08477399136 -1.482218286
0.4018584286 -1.768416541
0.6715916283 -1.957402565
1.21262656e-30 -3.081065611
2.207621553 -2.931070392
2.816650062 -4.130926062e-30
0.5014956863 -1.848261209
0.4365341449 -2.034499417
0.3616574324 -1.896085252
0.9326499892 -2.021429081
0.5463181167 -2.180267895
0.5664008304 -2.269370382
-0.3511324465 -1.574477057
-0.4905721015 -1.527355143
-0.4038056174 -1.630543666
-0.4990813552 -1.708594084
-0.6289895641 -1.628426118
-0.7915462637 -1.727807843
-0.6941582292 -2.096700642
-0.6058860821 -1.836761499
-1.328609546 -1.606396615
-1.77122663 -0.7089725454
-2.297093035 -0.3544862727
-1.966405332 -1.345133855
-1.658301898 -0.8452831732
-1.331954015 -1.835437882
-2.446334147 0
-2.442018882 -0.987716619
-1.920467742 -0.3544862727
-2.069708855 0
-0.06239050107 0.3641976027
-0.02452633437 0.4067788015
-0.05305321253 0.3985617363
-0.04021048341 0.3727101305
-0.07770711303 0.3481626234
-0.09718615459 0.3558554537
-0.07782593314 0.3828879327
-0.09180729994 0.3234071759
-0.008842185328 0.4408474724
3.920820835e-16 0.4813387458
-0.03736906349 0.4326304072
-0.07756804048 0.04146641212
-0.06809123483 0.01733300044
-0.06566889678 0.03433533446
-0.07837459611 0.02423902232
-0.08964980755 0.05211636267
-0.1039691107 0.0412183962
-0.09108501712 0.03277119823
-0.1031614775 0.06180805087
-0.09929019233 0.2985895301
-0.1386095435 0.2996443651
-0.1125537498 0.331838486
-0.1037699401 0.2708622928
-0.1009697885 0.2175578757
-0.09670981103 0.1942724594
-0.110360469 0.1736665177
-0.1265989498 0.2091106357
-0.1330511103 0.2351964628
-0.1408699874 0.2698039966
-0.1082496878 0.2431350555
-0.1184441619 0.053301967
-0.1402496078 0.188504694
-0.09919420144 0.08605146062
-0.1423489555 0.1570692061
-0.1299618854 0.1355411161
-0.1160917713 0.07707257919
-0.1342296275 0.06376731693
-0.0827801517 0.09628318438
-0.08077910024 0.1455697173
-0.1272924095 0.09342753937
-0.11016097 0.1328922161
-0.08283844807 0.121480347
-0.1086815061 0.1076823125
-0.124011127 0.153060576
-0.1011756077 0.1514696339
-0.05612741303 -0.01742503502
-0.05098987064 -0.01010617975
-0.06035833017 -0.00487751909
-0.04860284869 -0.02061961927
-0.06524061533 -0.01219813356
-0.07484732269 -0.008298132439
-0.08040121638 0.007127778611
-0.06947153246 0.0003493823696
-0.05201214269 -0.05168486852
-0.05964993373 -0.05288728829
-0.05785626921 -0.04347283242
-0.04938252138 -0.04555103289
-0.06607981618 -0.0501883899
-0.07692085694 -0.04011156231
-0.06635623845 -0.04288530766
-0.07812848417 -0.05031804079
-0.05256652046 -0.02775509561
-0.0561082963 -0.03582014372
-0.04832009312 -0.03800939005
-0.04477962873 -0.03113663191
-0.1190658532 -0.07598031329
-0.1048006622 -0.06065759195
-0.1197306898 -0.06037629958
-0.136342297 -0.07383218703
-0.1559713836 -0.0753879024
-0.155515689 -0.056971602
-0.1370071336 -0.05822817331
-0.1778476786 -0.07095786321
-0.2297013374 -0.06259907943
-0.2004500061 -0.04920837877
-0.1997239737 -0.06652782402
-0.177391984 -0.05254156281
-0.1041946643 -0.04893767885
-0.09017715216 -0.05044769168
-0.1008890036 -0.03530911458
-0.08771659333 -0.03897688469
-0.2273061581 -0.04144953323
-0.2599959707 -0.05948201064
-0.2640771926 -0.08347258372
-0.4135822273 -0.0396755803
-0.3824756642 -0.1138853182
-0.3130997277 -0.1295588633
-0.3712559359 -0.05624559469
-0.3473424353 -0.09252483353
-0.4007290904 -0.07815839274
-0.2682414175 -0.1086319257
-0.2944156671 -0.04491580567
-0.3024841251 -0.07159789592
-0.2547533458 -0.03604698008
-0.3579580379 -0.1504858009
-0.2192529913 -0.02037282735
-0.3747267001 -0.01674761602
-0.6210960159 0.1004984948
-0.6551870229 0.208597347
-0.7183034981 0.1441003771
-0.7822087357 0.2804032735
-0.4769216518 0.03130941332
-0.4305246289 0.009464737699
-0.5307927946 0.07894654103
-0.5727289446 0.1769667166
-0.4857656743 0.1240733138
-0.4426131518 0.08044837663
-0.3870352972 0.02608300719
-0.927869049 0.3295080888
-1.682810371 0.3194559647
-1.504378555 0
-1.40978226 0
-1.2690679 0.1134775251
-1.356055058 0.08903567664
-1.10118749 0.9595782379
-0.8647134944 0.4076931128
-0.7810097069 0.3288661194
-0.7290338183 0.5705986466
-0.05298253664 -0.02805103919
-0.04751334556 -0.03811707448
-0.04481189296 -0.03067710214
-0.2116927915 -1.621598972
-0.1590504243 -1.674077048
-0.248463657 -1.668123784
-0.04773256894 -1.587817092
-0.153611678 -1.565079697
-0.1073926326 -1.628077156
-0.09424749265 -1.521262345
0.2253753617 -1.687970668
0.3089891165 -1.732864207
0.2783465517 -1.835404348
0.207428097 -1.776336045
-0.001217645228 -1.654371839
0.1372883738 -1.661846128
0.06738278799 -1.654783465
0.1381620468 -1.746555899
-0.0003630545842 -1.72406614
-0.05643173317 -1.687201302
0.06630972191 -1.732674203
0.1848603852 -1.866243981
0.2169619305 -1.910637508
0.314912807 -2.257364748
2.43628213e-30 -2.419365556
0.18516034 -2.096482246
0.1796736418 -2.025392278
0.3032515151 -2.033651903
0.1732345604 -1.97421458
4.02536289e-32 -2.228999375
0.09919582786 -2.219834753
0.2002002893 -2.311356096
-0.2925258886 -1.711269691
-0.2093676266 -1.724351823
-0.3878016265 -1.789320109
-0.2850366487 -1.818603294
-0.4830773643 -1.867370527
-0.6153067497 -2.004874014
-0.3867916251 -2.05004789
-0.3407580573 -1.915187892
-0.6975026984 -2.325741909
-0.5144958014 -2.909624327
-0.5144958014 -2.304005965
-0.489990494 -2.187403776
0 -3.023607019
-2.82295944 0
-0.06589594164 0.424413342
-0.09481744075 0.4561231996
-0.0973049747 0.3967777437
-0.04122529822 0.472317284
-0.1537744395 0.3362629991
-0.1150945143 0.3774121947
-0.1280056117 0.4277865177
-0.1593404303 0.3857350106
-5.934205566e-32 0.6292148176
4.246086366e-16 0.5212699004
-0.07338683353 0.5280864455
-0.1054043202 0.02187323176
-0.08631225682 -0.001783951412
-0.09835047042 0.003190132254
-0.09186615051 0.01364195964
-0.1275240928 0.01769185412
-0.1365858632 0.03999542956
-0.1125977927 0.0111852475
-0.1191048474 0.03009236904
-0.1450051087 0.02759491464
-0.2506515571 0.3397125059
-0.1980203555 0.344585815
-0.1772947392 0.2952829272
-0.169475862 0.2606753934
-0.166712604 0.1924758744
-0.2104267747 0.2490768429
-0.2263616754 0.2873925332
-0.1564880887 0.2239488119
-0.1947698024 0.2147003423
-0.1509184667 0.1360266947
-0.1748665696 0.06295827455
-0.1566143832 0.04898081793
-0.1632083289 0.03618001425
-0.1477522841 0.08460794454
-0.1985575217 0.1778276176
-0.1686703223 0.1573383654
-0.1795003388 0.1395972299
-0.1660044706 0.09858540116
-0.138890185 0.1202350711
-0.1617484832 0.1182855593
-0.07087347091 -0.02156542714
-0.06100969819 -0.02474564949
-0.06390497209 -0.03384378107
-0.05568398925 -0.03549101153
-0.093160461 -0.01302756175
-0.08449993761 -0.0280702549
-0.07404453055 -0.03017845458
-0.08075836313 -0.01720986246
-0.04214480103 -0.02465991013
-0.04926356145 -0.02098619896
-0.0437579262 -0.01372575608
-0.03709075151 -0.01892848588
-0.06453999504 -0.03330504372
-0.07012436897 -0.02084868875
-0.07484669666 -0.03103871724
-0.06048296321 -0.02530633951
-0.08019493141 -0.01780459757
-0.08530370345 -0.02755418026
-0.09223740755 -0.01221781747
-0.09806450548 -0.02434354738
-0.05638232188 -0.01731248778
-0.05951189757 -0.00419926271
-0.06606733714 -0.01284998454
-0.05087668662 -0.01005204491
-0.1203955264 -0.04477228586
-0.1353387128 -0.04430778785
-0.1144345647 -0.03325610851
-0.1307943052 -0.02828190314
-0.1550599944 -0.0385553016
-0.1907534345 -0.02665842303
-0.1740889407 -0.03637392349
-0.1886747117 -0.01217644533
-0.1678518282 -0.01789248256
-0.1476359411 -0.02485483259
-0.2134056427 -0.002575807471
-0.1109010338 -0.01965238929
-0.1269291988 -0.0152498508
-0.1197577688 -0.001004555268
-0.1047576189 -0.00818328684
-0.2692658436 0.02089807224
-0.2891730422 -0.02148077511
-0.2386844655 0.006959818572
-0.3437980161 0.001054868018
-0.2495107208 -0.01261194952
-0.3367268328 -0.03456386618
-0.3137156991 0.01415164821
-0.2302111934 0.02740664795
-0.2555241031 0.04308152285
-0.2059232373 0.01498665452
-0.218730323 0.04424701155
-0.3991238201 0.09706664612
-0.3412012252 0.09003140369
-0.3216846749 0.05131423642
-0.3561928436 0.04349274898
-0.5948011209 0.508192889
-0.527168916 0.3279710336
-0.5277018243 0.2220934893
-0.6467770095 0.2664603618
-0.4038416213 0.2092642077
-0.3847355202 0.1583925621
-0.4581817692 0.265599541
-0.440738554 0.1692000865
0 1.215791267
-0.9263580944 1.168281345
-1.353738529 1.699833475
-0.3691010895 0.7037240186
-0.3889738453 0.6550993187
-0.5120338461 0.4881227757
-0.5428252323 0.7499254163
-0.05030284258 -0.05329442946
-0.0584874864 -0.0442370855
-0.05021479816 -0.04555704682
-0.1128313788 -1.737074507
-0.05489082619 -1.761638366
-0.1048571914 -1.806253563
-0.184426972 -1.817740731
-0.04615461451 -1.841941457
0.1299314745 -1.912507257
0.1309399816 -1.81648565
0.09590606819 -1.874875461
0.05908765671 -1.802603953
-0.01276466816 -1.788722257
0.000214736328 -1.848957725
0.04231149827 -1.859862237
1.084197974e-32 -2.034165322
0.08426308932 -1.994150269
0.1079742978 -1.981093836
0.1144133792 -2.032271534
0.09582656147 -1.948858633
0.05934477924 -2.113857917
0.008214251871 -2.054661674
0.0275707383 -2.145335058
2.229543744e-32 -2.087405889
0.02376760979 -2.048230809
0.03361676254 -2.083543129
0.01086366597 -2.030910784
0.09111882019 -2.082380777
0.08183674654 -2.030287324
0.06539080349 -2.052065988
-0.2406161605 -1.918843249
-0.1643249387 -1.904601255
-0.2628724159 -2.031694918
-0.1735464114 -1.942620937
-0.2598494464 -2.117539281
-0.1906345727 -2.049951223
-0.1848520832 -2.300613384
-0.1745907663 -2.100398723
0 -2.229897293
-0.07897485245 -2.198461195
0 -2.314270845
-0.258228406 0.4018868931
-0.1754847828 0.4572834226
-0.1962072015 0.542685826
-0.2477625339 0.4861101815
-0.1239294503 0.5138590672
-0.2088044304 0.4139329678
-0.09944043503 0.6212163537
-0.3128593027 0.486095016
-0.07583023889 0.7740751745
-7.101903705e-31 0.993205593
-0.1727608547 0.7040280726
-0.1206685118 -0.001865374723
-0.09713387161 -0.02338752954
-0.1101774172 -0.02032239412
-0.1054055814 -0.007451967678
-0.1548386266 0.01263595169
-0.1258632273 -0.01423297464
-0.1420823929 -0.009667880131
-0.1359433383 0.005291339195
-0.1613353543 -0.001650032128
-0.3000755327 0.3276664312
-0.3596799431 0.315573287
-0.3076523816 0.3898408184
-0.3778922921 0.4074380363
-0.1811988342 0.005065903888
-0.1847703342 0.04877345087
-0.1965241385 0.03225202599
-0.1728487439 0.0213170343
-0.254733023 0.2311094641
-0.2960136039 0.2177111129
-0.3278775837 0.2575581583
-0.2924986838 0.2654920439
-0.2337636959 0.1902670421
-0.1847678986 0.1187695709
-0.2068145986 0.06061114905
-0.1931187561 0.07693573118
-0.2662540136 0.1803440315
-0.2163770908 0.1170557556
-0.2092657972 0.1545183065
-0.2408749895 0.1528044912
-0.2189092339 0.09303157395
-0.1923615277 0.100938357
-0.2048742288 0.01600089558
-0.3468448285 0.1900622987
-0.07764454231 -0.0410266658
-0.06774744686 -0.05228399373
-0.06718913524 -0.04313486549
-0.05903751163 -0.05226736798
-0.08809994937 -0.03891846612
-0.07863006148 -0.05053168143
-0.08970168227 -0.05039980169
-0.1018110884 -0.0363643858
-0.01555092573 -0.003324160061
-0.03173660123 -0.003533030217
-0.03890719226 -0.008464878784
-0.02711941334 -0.009448847746
-0.03303217764 -0.01318294688
-0.02207748569 -0.005251527823
-0.02609039415 0.0001608455665
-0.0185044835 0.003500075476
-0.04326293786 0.009813160091
-0.05380754037 0.002637864153
-0.03735014684 0.00199523148
-0.04537105136 -0.002791602038
-0.06870502614 0.0004360398115
-0.1136143538 0.01046454718
-0.09093759633 0.01359924178
-0.07948215028 0.007695652451
-0.08724164061 -0.00254484339
-0.07538857227 -0.007644945555
-0.09928411675 0.003041936712
-0.06244558007 0.008496672117
-0.0511669011 0.01634074625
-0.0605448436 0.01785131192
-0.07279860415 0.01577663782
-0.1352820867 0.004373439877
-0.1537217411 0.01348471464
-0.162355561 -0.002578380197
-0.1727149503 0.02112376
-0.1952041309 0.03307511366
-0.1430915335 -0.008828947882
-0.1820000779 0.006026191665
-0.1044810173 0.02290111457
-0.119395573 0.03441184964
-0.1461302368 0.02687610432
-0.1286145037 0.01764327876
-0.1859190033 0.04817268199
-0.3066930565 0.09785289113
-0.2871765062 0.05913572385
-0.2476830362 0.0619182275
-0.260240921 0.09387181493
-0.1943629706 0.0754148161
-0.2193574038 0.09282834603
-0.2067018629 0.06101271756
-0.2749963963 0.135372468
-0.2930300953 0.1617957302
-0.3445306321 0.1904221004
-0.3091245102 0.1925484088
-0.3293475228 0.1497886315
-0.5179451656 0.3165816973
-0.3948851648 0.4835582403
-0.4097068311 0.2950453765
-0.3987138987 0.3764836563
-0.3639155038 0.2501577097
-0.3546800211 0.3025612591
-0.3194878951 0.243604135
-3.775647995e-15 0.4826381038
-0.3085355335 0.4753715142
-0.08310627232 0.7791915546
0 0.6263367455
-0.07107196452 0.5226381961
-0.1012633303 0.616992975
-0.04167058864 0.4763013038
-3.742166376e-15 0.5237417429
-0.1650470128 0.6911060218
-0.2273069518 0.4776300117
-0.1832598339 0.531729071
-0.246158076 0.5610386211
-0.009947925267 -0.0004707458739
0.003642972507 -0.0005165206978
-0.003333186232 0.006625414382
-0.01197792354 0.005427443238
0.009413261297 -0.001492816522
0.003462262655 0.00660252697
-0.00315247638 -0.0004936332858
-0.004569858123 0.01371046981
-0.0597108627 -0.06174594225
-0.05799696294 -0.06960570462
-0.05104462091 -0.06148445282
-0.04993686654 -0.06850698866
-0.04465389949 -1.890879368
-0.0872885743 -1.886173998
-0.06906755093 -1.913387804
-0.09725518955 -1.941323593
-0.02575341965 -1.918370996
-4.117204099e-05 -1.925274099
-0.001343285731 -1.893932212
0.08285023815 -1.915741237
0.02106641893 -1.934391817
0.04817197308 -1.945296329
0.07045292385 -1.960152279
0.04075347621 -1.904836724
0.004313565099 -2.012809347
4.380085253e-33 -2.014267472
-2.676981782e-30 -2.018970856
0.008796566513 -2.019065364
0.01887935296 -2.007467958
0.0264170239 -2.02447992
0.01005108073 -2.009568357
0.01351308007 -2.007159895
0.07255467289 -1.995261221
0.03932096772 -2.041799945
0.02775697554 -1.985664086
0.0470576373 -1.978069386
0.03718930619 -1.999230869
0.05610872984 -2.01810331
0.03178329679 -2.014050585
-0.107348665 -2.032810665
-0.08475767885 -1.959032065
-0.1247104792 -1.982363165
-0.07975926158 -2.013879858
-0.07719432995 -1.99817901
-0.06239744737 -2.064327358
0 -2.096409289
-0.08998685082 -2.083258165
-0.07897485245 -2.114087643
0 -2.14552374
-0.04108201003 -2.069293039
-0.5022396416 1.090848959
-0.323701579 0.5823787199
-0.3887345684 0.5037217402
-0.447299309 0.4057987171
-0.6262322728 0.4646112075
-0.4537675578 0.4250647604
-0.5211384952 0.3263024563
-0.420644383 0.3023512328
-0.8137969592 1.132055221
-1.517365173 1.122431837e-30
-1.553288397 0.2233768401
-1.369661529 0.3483863643
-0.8687372918 1.817105463
-0.1154250387 -0.0326687142
-0.1173192625 -0.04693262995
-0.1033681281 -0.04779252112
-0.131738926 -0.02932453525
-0.1690728708 -0.01910753922
-0.1488274086 -0.02399281372
-0.1343920228 -0.04309600191
-0.1518880568 -0.04086341207
-0.2147050057 -0.003632976623
-0.1947416701 -0.03061311026
-0.173038419 -0.03515431137
-0.1895489245 -0.01118522652
-0.3777444864 0.1685424167
-0.387825278 0.245406076
-0.4248948863 0.1907338212
-0.4763473611 0.2543327039
-0.229470203 0.02627093611
-0.3099469061 0.09592825787
-0.2201995332 0.04318701768
-0.3373339583 0.1366630064
-0.3124123923 0.1658347135
-0.2748074323 0.07641383989
-0.2576805276 0.04299324516
-0.2768140278 0.133094308
-0.2326998138 0.0769594804
-0.2479862831 0.1153419403
-0.2469095564 -0.01397503362
-0.2668329889 0.02307196715
-0.2386226643 0.006349658098
-0.2207350056 -0.02194588806
-0.4185189679 0.1275688966
-0.385722734 0.06937584433
-0.3639087162 0.105288376
-0.3306612411 0.07236280055
-0.06868140539 -0.06174605651
-0.06782062924 -0.07108833999
-0.07975650363 -0.06236236773
-0.07849291133 -0.07215677521
-0.09058894932 -0.07355443014
-0.1052623519 -0.06205643687
-0.1044702076 -0.07401521431
-0.09131121756 -0.06291632805
-0.01493148131 0.01225167878
-0.009465031509 0.01855008424
-0.03541464747 0.01392828544
-0.03091244487 0.006002675649
-0.0218724165 0.009761607589
-0.02486112501 0.01892147844
-0.01702448205 0.02109257846
-0.04864636406 0.02447568881
-0.02936332761 0.02684708824
-0.04492795393 0.03253337237
-0.03991685008 0.02185389524
-0.08183466839 0.04086578447
-0.09444614258 0.03601778064
-0.08357572829 0.02303625046
-0.05520428798 0.03464580408
-0.070030533 0.02541785882
-0.06761537083 0.04139290512
-0.05961977692 0.02453136759
-0.1654484962 0.04122851509
-0.1351441098 0.04532571571
-0.1730829576 0.0639213881
-0.1543254818 0.05815541224
-0.1037788986 0.06981745386
-0.1240210954 0.06225261285
-0.09339603111 0.0548356596
-0.1048397233 0.04942291632
-0.03821891189 0.435718521
-0.02430596505 0.4086899425
0 0.4106812654
-0.007619084838 0.4403847485
-0.2676175775 0.2076238435
-0.1856643527 0.08896623257
-0.2590211397 0.1779382701
-0.1627270684 0.08407564668
-0.17754092 0.1233826064
-0.2291156235 0.1267365035
-0.2070129096 0.1072317537
-0.2416543078 0.1511540076
-0.2191778094 0.2002178785
-0.1986131174 0.1411940142
-0.2127276202 0.1663839847
-0.2771879387 0.2422339205
-0.3312455588 0.3625504231
-0.2613756935 0.3725844279
-0.2614350278 0.334668246
-0.2431233731 0.2722549818
-0.3102524124 0.2960076844
-0.2289309916 0.2357523637
-0.06881873893 0.4310522936
-0.1043091083 0.4032911167
-0.2084558276 0.3942214022
-0.0549057921 0.404023715
-0.1347617565 0.432574861
-0.09394426606 0.4594918825
-0.1203615917 0.5024195208
-0.2021231267 0.3432126824
-0.1588927776 0.38888354
-0.1644087096 0.4483204615
-0.01395423121 0.3656494833
-3.28526199e-15 0.3688716692
-0.004239905407 0.3862946432
-0.02284451646 0.3849856134
0.01517993678 -0.003107309329
0.01868694172 0.003450532127
0.01112059371 0.00564003191
0.02149436509 -0.005912616803
0.003281552803 0.01372157464
0.000599512117 0.02803646283
-0.0003111839396 0.01933124936
-0.005198016035 0.02388778341
0.006006964171 0.02290360801
0.01309024235 0.01256082052
-0.01212841655 0.02783259368
0.02689451749 -0.009164187551
0.02483546047 0.0009126933378
0.03231641331 -0.003895114343
0.03235587309 -0.01376080866
-0.05263972366 -0.08674099607
-0.04471925602 -0.08367173428
-0.04772711078 -0.07728153537
-0.05578720718 -0.07838025133
-0.07566269592 -0.08275078741
-0.07255172172 -0.09371594813
-0.06384730359 -0.07947896729
-0.06194221362 -0.0903062871
-0.04789875706 -0.09450868085
-0.0420790979 -0.1021199506
-0.03559490836 -0.09665060262
-0.03929931635 -0.08874211781
-0.0290180265 -0.1030292399
-0.02720921866 -0.1128899097
-0.02319191086 -0.1062914144
-0.006661230543 -0.1113954905
-0.01924341303 -0.117579847
-0.01529271969 -0.1099878456
-0.03529157896 -0.108386405
-0.02652809698 -1.946934796
-0.05407485814 -1.971694988
-0.03894099558 -1.954365738
-0.05224034459 -1.940031693
0.01420771476 -1.957406908
0.01376464388 -1.972387116
2.60022505e-05 -1.966350951
-0.0008158493697 -1.9538379
0.02209725367 -1.978103679
0.03081121623 -1.971932486
-0.01298001325 -1.960701535
1.734911312e-33 -2.006291944
0.001094106827 -2.003830826
-2.669024341e-30 -2.004280557
2.685741952e-30 -2.009564089
0.004313565099 -2.008105963
0.001844681883 -2.005739912
6.300214399e-34 -2.003087575
0.01904301297 -1.991835279
0.0133832911 -1.984274871
0.01024668451 -1.987828743
0.005050681313 -1.981472746
0.007523675957 -2.003256429
0.01425816201 -1.995389151
0.01376537129 -2.003418005
0.01391355586 -2.000636489
0.008627130199 -2.006647838
0.02470273484 -1.999395687
0.004324627374 -2.005214765
-0.03983673995 -1.982191565
-0.01349260658 -2.046051321
-0.0329539238 -1.999491241
-0.03454119613 -2.008377326
-0.03480804392 -2.04539655
-0.05278112583 -1.996512085
-0.02584244064 -2.028541824
-0.04408237035 -2.016676583
0 -2.047475318
-0.01128609596 -2.032163491
0 -2.035169294
-0.8961449529 0.4009555867
-0.7588566266 0.4470049799
-0.6829452833 0.3530389438
-0.5795557541 0.265790813
-0.5118618831 0.215721907
-0.6647384515 0.1956624881
-0.7774275895 0.3077597105
-1.404533582 0.04504856986
-1.334509877 0.007171500702
-1.371777907 5.385079592e-32
-1.349599049 0.07464314592
-1.279575343 0.03676607676
-1.04055301 0.2745302528
-0.8779613972 0.09207008083
-1.033217751 0.1550384285
-1.24639202 0.1181025021
-1.136137256 0.07682455314
-0.8730223951 0.1461128688
-1.143472515 0.1963163775
-1.329253613 0.001657847735
-1.35584224 -0.05641802669
-1.403033243 -2.733530323e-32
-1.354671649 -1.841571097e-30
-0.1196921997 -0.07509045789
-0.1376431676 -0.07432853836
-0.1163689898 -0.05781106968
-0.1356875066 -0.05780759366
-0.2253905876 -0.04091635463
-0.1777881296 -0.05470358376
-0.1569616845 -0.07432506234
-0.1550060235 -0.05780411763
-0.1796298421 -0.07157011663
-0.2035124373 -0.06974361666
-0.1994913807 -0.05016238265
-0.2319378669 -0.06335229353
-0.5283215987 0.07381650971
-0.5970445806 0.1455935821
-0.4388374649 0.08974213167
-0.4718059686 0.1481556854
-0.4929620911 0.01545311353
-0.2793374267 -0.0007661722445
-0.2950433136 0.0397942762
-0.3524752589 0.03645026889
-0.4329295344 -0.02527120393
-0.2970815134 -0.04607394402
-0.2553658263 -0.03444082625
-0.4075367518 0.03346331266
-0.2605007528 -0.0593207086
-0.3758081323 -0.0139522784
-0.3233488001 -0.01085738971
-0.09897812774 -0.1010406417
-0.08777992221 -0.08661313561
-0.1016611805 -0.08707391978
-0.08466384089 -0.09768505266
-0.1145133058 -0.1050949528
-0.1155424388 -0.08753470395
-0.1352481597 -0.09020725805
-0.1335852823 -0.1075623203
-0.005709928507 0.0323053146
-0.01796381001 0.0428946767
-0.01880980515 0.03184028123
-0.03376083088 0.03864197838
-0.06415452692 0.05180565797
-0.06569550184 0.06732137614
-0.05068849377 0.0601216071
-0.05092781017 0.04630326269
-0.0351307893 0.05055596101
-0.0858098195 0.0738629097
-0.07877430558 0.05924295282
-0.07293303729 0.08405582447
-0.144207644 0.0811888548
-0.07463919979 0.1019228922
-0.1016372911 0.1113231721
-0.1288391841 0.1062206719
-0.1566365084 0.1117518579
-0.1189227302 0.0854925344
-0.09612672907 0.08875906421
-0.04144912751 0.3836765837
-0.05774036791 0.3629647797
-0.03255884227 0.3643404535
-0.08399416362 0.382212917
-0.1899489087 0.2575854755
-0.1417510516 0.1716948786
-0.1834192076 0.2197737703
-0.1728842899 0.1886635931
-0.1664341007 0.1548296993
-0.1393471092 0.1448631054
-0.1451907596 0.2072334922
-0.1672805983 0.2454673711
-0.1696249146 0.3395650872
-0.2128552637 0.2938942295
-0.1745670065 0.2841207271
-0.09782363161 0.3617613177
-0.1263945655 0.3852359448
-0.12088763 0.3362708074
-0.1533494971 0.3024613528
-0.04778794016 0.3470724478
-0.01355495213 0.3523123322
-0.008186913227 0.3427737986
0 0.3448465315
-0.002967680611 0.3551845987
-0.03750931253 0.3385098169
-0.02792146835 0.3317026648
-0.01877418475 0.3399015321
-0.02813533709 0.3494265663
0.03700243184 -0.01850409777
0.03777776892 -0.00849173545
0.04433106877 -0.01441165162
0.04127618207 -0.0247090803
0.04562228496 -0.03112551602
0.04751481237 -0.03811798151
0.053185113 -0.02816359695
0.04854248895 -0.02043447235
-0.004586460626 0.0446767937
0.008574400138 0.04406409218
0.02117069911 0.01019959444
0.02598059471 0.01850919446
0.02921733871 0.006376215526
0.0150514514 0.02188751273
0.009807474772 0.03205346055
0.01363542782 0.03775067384
0.01849807736 0.03027662008
0.04371560702 0.008301238261
0.03402723431 0.01468581554
0.04420706593 -0.003788790893
0.03686296842 0.001480677334
0.001283879399 -0.1207432147
-0.01061192389 -0.1189874919
-0.0001523984823 -0.1129126561
0.008556117926 -0.1114003616
-0.01052885722 -0.1292179473
-0.06699659795 -0.1035963416
-0.06015345862 -0.1137275592
-0.05060799443 -0.107912502
-0.05638708985 -0.1001866806
-0.09280862068 -0.113607661
-0.0718058395 -0.1204191651
-0.07760610606 -0.1070060026
-0.08657697734 -0.1268711362
-0.051340046 -0.1224225296
-0.03397457728 -0.1210073263
-0.02915732124 -0.1353682934
-0.04181581293 -0.116618846
-0.0401753901 -0.1296935801
-0.01986277671 -0.1333772147
-0.02587887421 -0.125435945
0.02313176813 -0.1062500322
0.01913177813 -0.1169595065
0.009992395807 -0.1192309202
0.01726463433 -0.1098880672
0.04956231289 -0.04510553571
0.05565027444 -0.03527069667
0.05829701982 -0.04407857072
0.05030400212 -0.05329562068
0.001092745224 -2.002639514
0.0001312336303 -2.001978506
9.874729868e-36 -2.0022474
-2.668956816e-30 -2.002390493
-0.01322741308 -1.975102087
-0.02048567468 -1.979575432
-0.02624944283 -1.986724086
-0.03313225898 -1.96942441
-2.670512534e-30 -2.00239752
-0.0006164197952 -2.002063782
-6.350262102e-34 -2.003069646
9.473903726e-05 -2.001870231
-0.0062253151 -1.981532369
0.004396040404 -1.986655984
-8.73217474e-05 -1.98578654
-0.0001211693544 -1.980891094
0.001481573404 -2.002298661
0.005908091554 -2.001745687
0.002716635218 -2.001434363
0.002549329422 -2.002963286
0.005179071696 -2.0002053
0.006419956037 -1.997796964
0.008175834458 -1.996256901
0.00684267209 -1.992458457
0.009508996825 -2.000055345
0.00508679367 -1.99399852
0.004429888011 -1.991551429
-0.01541176497 -1.998198312
-0.01929718456 -1.991830357
-0.02003147713 -2.00813042
-0.02019908999 -1.998987877
-0.01524415211 -2.007340855
-0.01125726643 -2.011277793
-0.01128609596 -2.019857467
-0.01986386427 -2.017272963
0 -2.014638914
0 -2.019619212
-0.004567528828 -2.013478892
-0.7155045931 -0.02454538638
-0.6579652341 0.03731315682
-0.7955094861 0.03151656582
-0.7499211489 0.1255341632
-1.226425254 -0.1103414667
-1.321863434 -0.07688026143
-1.16414042 0.01083879095
-1.29065338 -0.01899959282
-0.9269888996 0.002612915146
-0.9886183059 -0.111850588
-0.8330892009 -0.05693973648
-0.8923665951 -0.1513012757
-1.099995778 -0.08050308298
-1.041593174 0.04067717472
-0.7550301784 -0.1096556312
-1.403562564 -0.05281891193
-1.448588548 0.01575023267
-1.545016268 -6.845193647e-32
-1.487283841 -0.1206668137
-1.35853658 -0.1213880565
-1.442257857 -0.1892359583
-1.259563229 -0.1628446491
-1.32544714 -0.2706698799
-0.1589173455 -0.09084600705
-0.1785282429 -0.1116809901
-0.1782510802 -0.09051380139
-0.1537539045 -0.1108998351
-0.2666505372 -0.108962407
-0.2034248432 -0.1136464223
-0.2360088595 -0.1103397356
-0.2641093357 -0.08389195061
-0.2012298223 -0.08753318979
-0.3006900963 -0.07064518603
-0.2325037754 -0.08527530988
-0.6340560635 -0.07131226968
-0.51590928 -0.04609629237
-0.5995061209 -0.007579966062
-0.5673803225 -0.1032999039
-0.4998468189 -0.130435379
-0.3999957322 -0.07458413046
-0.4558767233 -0.08682060983
-0.3072026114 -0.09751890587
-0.3450613407 -0.06053023844
-0.3515874254 -0.1231223957
-0.4095588231 -0.1398334589
-0.4535808217 -0.1361204676
-0.1032412382 -0.1338222528
-0.1275626687 -0.1237360561
-0.1067490652 -0.1156967675
-0.1172959966 -0.1457588457
-0.1730119925 -0.131157633
-0.1483762722 -0.1317753447
-0.1631717385 -0.156291593
-0.1381096001 -0.1537981343
-0.00581953526 0.05668742533
-0.05199911698 0.09408094629
-0.02192102825 0.06938662264
-0.03519255468 0.06681389942
-0.03775916462 0.08066014688
-0.0211386997 0.05461443297
-0.008701585436 0.07106804967
-0.05076920376 0.07653304915
-0.03687010008 0.09862635788
-0.1106800372 0.1616403258
-0.08251528719 0.1456519587
-0.05315167051 0.1150867203
-0.05306261362 0.1331836211
-0.08014976178 0.1244870001
-0.1071478531 0.1338872799
-0.03956249331 0.1157271576
-0.0719982047 0.3445147633
-0.07349475691 0.317452466
-0.09437101608 0.3243262379
-0.05947623889 0.3360523301
-0.08199306233 0.1724902917
-0.1317121793 0.2260562091
-0.1462658438 0.2648854439
-0.1184420887 0.2556464107
-0.1301942837 0.2898016883
-0.1027904912 0.2176409046
-0.1120194919 0.1910825471
-0.08762282093 0.1947178545
-0.1029731203 0.2717103944
-0.1115107231 0.299532819
-0.0909882101 0.2974226214
-0.00777987457 0.3349702643
-0.00339790879 0.3299318461
7.105427358e-15 0.3352444771
-2.073849049e-15 0.3319924872
-0.04466173881 0.3058327971
-0.0609727911 0.3111237069
-0.0372954438 0.3207859153
-0.04688328798 0.3275930674
-0.009223857707 0.328138279
-0.03355240067 0.3017522722
-0.01392825697 0.3208524128
-0.02193666766 0.3248037207
-0.01600681084 0.3329867075
-0.02770759962 0.3139787632
-0.01985811379 0.3134382393
0.05207862686 -0.01042712957
0.05103271189 0.003101821194
0.06033365781 -0.004861092026
0.05610531699 -0.01747255329
0.06390629561 -0.03384496014
0.07087243371 -0.02156334934
0.06524156296 -0.01217202337
0.06074794103 -0.02520167789
0.005796976108 0.07090812081
0.01675377731 0.0629962576
0.01474809588 0.04950806498
0.006430167853 0.05639916997
0.02086571592 0.04308057958
0.03972208504 0.021645043
0.03079049032 0.02681879447
0.0237323698 0.05478633053
0.03101322869 0.04509183844
0.03666110189 0.03672495157
0.02506876902 0.03544646831
0.05899223342 0.02292512884
0.04927521011 0.01532896819
0.05927296162 0.008640817423
0.04664941757 0.03136886528
0.01612058557 0.07750520844
0.02714894119 -0.1128876192
0.03114835451 -0.1021394111
0.03556021186 -0.0966736136
0.03541418948 -0.1083088502
0.002720157281 -0.1285737733
-0.005708497682 -0.1352086998
0.005276451844 -0.141886601
0.01422067011 -0.1285830804
-0.1060798234 -0.1606317461
-0.02503326325 -0.1432154785
-0.003083560477 -0.1479367365
-0.01410253592 -0.1406761778
-0.01518142213 -0.1513667784
-0.06491343864 -0.1303953555
-0.08833518487 -0.1734388986
-0.09124289456 -0.1446221766
-0.07425183938 -0.1618310175
-0.05048886392 -0.1388302825
-0.05852856745 -0.150206062
-0.07608751069 -0.1383284188
-0.0260869062 -0.153725108
-0.04324094834 -0.1583798624
-0.03520124481 -0.1470040829
0.02918989207 -0.1348595589
0.0174139776 -0.1392903712
0.02635819587 -0.1259868506
0.03418666039 -0.1209148439
0.04792178379 -0.09462779954
0.04471808158 -0.08366901382
0.04216649054 -0.1019721994
0.04020261321 -0.09162031435
0.05578958784 -0.07838170458
0.04923354995 -0.07571771329
0.05243725216 -0.08667649901
0.04993772196 -0.06850899858
0.05214710826 -0.05973405271
0.05881884731 -0.06065471252
0.05903870904 -0.0522686557
0.05799897414 -0.06960675871
0.06703172674 -0.04305160574
0.07769735594 -0.04107155802
0.07405066962 -0.03019956683
0.0677074439 -0.05232505706
-1.754728273e-33 -2.006595286
-0.0006948448302 -2.002810731
-0.001468856246 -2.003653009
-2.674900542e-30 -2.003595619
-0.002751052965 -2.005162114
0.0004069383745 -2.000783262
0.001511754193 -2.000900565
0.000458390472 -2.001379593
-0.0001716654101 -2.001584198
-0.01282727192 -1.993943898
-0.006217251438 -1.988216263
-0.008422804744 -1.990986233
-0.01311793602 -1.98758244
-0.001298539574 -2.000881093
-0.002199774795 -2.001351795
-0.0008036554037 -2.001789004
-0.0003016464861 -2.000828412
-0.00157766682 -2.002155665
-5.347414038e-05 -1.990681985
-4.76636168e-06 -1.993354983
0.002101386387 -1.99372023
-0.002271082738 -1.993136503
0.001763670439 -1.995878628
0.003280337816 -1.998245276
0.001481233492 -2.000089786
0.002356288518 -1.998786215
0.003171770472 -1.999931401
0.003330915249 -1.995538583
0.002464855861 -1.99710009
-0.008132140636 -1.997347691
-0.0101686937 -2.000246228
-0.009198582727 -2.003817662
-0.00658600116 -1.999412311
-0.009135057656 -2.007338572
-0.004567528828 -2.008498594
-0.005615890185 -2.002983745
-0.004437722199 -2.004272468
-0.001740939812 -2.005575795
0 -2.009658616
0 -2.006217952
-0.6019302652 -0.1670322075
-0.8033978595 -0.1894225833
-0.6547370347 -0.2003011687
-0.6686060061 -0.1350445733
-0.7102714002 -0.2404500467
-1.092098545 -0.343766603
-1.158398383 -0.2016833407
-1.04702091 -0.2330308457
-1.225664264 -0.3084677201
-0.9674681631 -0.3533113597
-0.9356434379 -0.2643783508
-0.8426116717 -0.3010344273
-1.855041003 -2.024007758e-31
-1.721023848 -0.235000629
-1.525979135 -0.25708386
-1.404285103 -0.3542370351
-1.655215081 1.904033054e-30
-1.604885769 -0.3778355298
-1.594632982 -0.1239260322
-1.934540102 -0.3825050206
-2.078421822 -1.274953678e-30
-2.478580819 -2.595085862e-30
-1.477502018 -0.4733751723
-1.230288813 -0.5633881764
-1.291548175 -0.4162929509
-1.13565155 -0.4498832315
-0.2326624447 -0.1343645805
-0.2080572313 -0.1337025377
-0.2693438821 -0.1345075733
-0.3137286961 -0.1601110632
-0.2198192052 -0.1719080778
-0.1900243108 -0.1618938422
-0.2559176894 -0.1764984794
-0.2932551735 -0.2034516712
-0.432305996 -0.2309812689
-0.5859801763 -0.2179452634
-0.4812338537 -0.2325803729
-0.3973221377 -0.1844447098
-0.4881282988 -0.192269075
-0.5370561565 -0.193868179
-0.4392004411 -0.190669971
-0.3923441888 -0.2239831183
-0.3347473982 -0.2229768793
-0.3528314309 -0.190854474
-0.2017862847 -0.2000993823
-0.127842928 -0.1758209238
-0.1034205881 -0.1895398164
-0.1195512353 -0.2133331311
-0.1720528348 -0.183331583
-0.1461609155 -0.181192203
-0.1478413155 -0.2247079546
-0.1761314755 -0.2305329358
0.02180132297 0.08864422616
-0.02546364104 0.1017124374
0.005163784363 0.08541707165
-0.01118950338 0.1032278025
0.002393657662 0.1033922926
-0.009483913977 0.08584023935
0.01613814204 0.1024941965
-0.02270335679 0.08415881232
-0.01169659336 0.1208513292
-0.04056203891 0.1377392416
-0.01354266436 0.1409609391
-0.02602059958 0.1207640117
-0.05434367704 0.1562036585
-0.02679881926 0.159092628
-0.04165394493 0.1802680862
-0.05764916722 0.1766186722
-0.07399755827 0.294032749
-0.05493138171 0.2233271619
-0.07839382027 0.221276212
-0.06776234347 0.2452225061
-0.05486991202 0.2892119764
-0.05953530662 0.2695731689
-0.06322614996 0.1983531618
-0.09045163198 0.2453314234
-0.08222459512 0.2696820862
-0.04564559833 0.2018081421
-0.001926845751 0.3285254655
-0.003539662857 0.3266640366
0.001249274926 0.325421685
-3.455649438e-15 0.3276992218
-0.009401306035 0.3175690362
-0.005152479963 0.3248026078
0.0007661340398 0.316097212
-0.0003635421793 0.3235602562
-0.04256694874 0.2667276047
-0.02249486016 0.2844152715
-0.02554398998 0.2985583353
-0.03923827686 0.2868723682
-0.008868806581 0.2960500698
-0.001546874607 0.3089479788
-0.0118497031 0.3102443024
0.06927071314 0.001952666657
0.0804176755 0.007106373686
0.06898998494 0.01623697807
0.07486099499 -0.008301035431
0.0863225054 -0.001814949517
0.08106525791 -0.01796466464
0.08452284496 -0.02804821364
0.09307897281 -0.01298577207
0.07945019684 0.0229778853
0.02707738677 0.06959334524
0.05268381117 0.05770828121
0.03530765392 0.05790682412
0.0426324972 0.04687709386
0.04347155097 0.06922209126
0.03386617652 0.07869843903
0.05532243101 0.039084785
0.06854578767 0.03050895356
0.06537067309 0.04992048452
0.08014334196 0.03806835756
0.0352524543 0.1040214201
0.05172484467 0.07997305339
0.04080961417 0.09153777317
0.04865268789 0.1003591989
0.06040139524 0.09411781647
0.04016172036 -0.1294578159
0.04515848868 -0.1155131009
0.05077203889 -0.1239435614
0.05074720473 -0.1076909821
0.007644793196 -0.1551048386
0.02360144861 -0.1512335945
-0.005051412516 -0.1583445271
0.01270157345 -0.1711072515
-0.03372920726 -0.1670030931
-0.06000759429 -0.2172676836
-0.09496337317 -0.2273487115
-0.06475911528 -0.1867686149
-0.07852933332 -0.1985074479
-0.01774761823 -0.1615842156
-0.0173345921 -0.1745929325
5.367741248e-06 -0.17434694
-0.04595793454 -0.1987316724
-0.03470966072 -0.1810573836
-0.05128065187 -0.1697556418
0.04963192639 -0.1400259232
0.04285613886 -0.1592641962
0.02891841684 -0.1651545037
0.03966871207 -0.146477486
0.05564095437 -0.09763528473
0.06201801069 -0.09028184152
0.06703991537 -0.103698657
0.05968661541 -0.1150694412
0.06778280646 -0.07111734085
0.06385084002 -0.07947946471
0.07565836676 -0.08273975307
0.07252373046 -0.09370865992
0.07863091747 -0.05053356774
0.0705851926 -0.06052802374
0.07846075291 -0.07215043596
0.07865866912 -0.06102046425
0.08817082931 -0.03893410127
0.08972698453 -0.0503781206
0.09713630221 -0.02339337449
0.1018115561 -0.03636903158
-4.289401313e-33 -2.015582341
-0.005976665064 -2.011541623
-0.002751052965 -2.00816178
2.671391085e-30 -2.009594953
-0.008239361237 -2.003325714
-0.005467212656 -2.001873198
-0.004135082277 -2.00463129
-0.003188165394 -2.001502092
-0.00951920165 -2.008804592
-0.005998018749 -2.006666185
-0.003004378742 -2.003056091
0.001104596891 -1.999026287
0.0003673789681 -1.999216327
-0.0004745733509 -1.999964383
0.0004294683884 -1.999899046
-0.004050322043 -1.998022044
-0.002579828277 -1.996763198
-0.002154389397 -1.995528103
-0.004141309575 -1.99511922
-0.005807561459 -1.999655768
-0.0006364051766 -1.999255971
-0.002383561447 -1.999797797
-0.003603514511 -1.998203196
-0.003869871854 -2.00003098
-0.002488219756 -1.998949655
-0.001376179871 -1.999015635
-0.001395170848 -1.9996475
0.0008381555528 -1.99809756
-8.318268502e-06 -1.996833659
0.0008047244662 -1.997730662
0.0008115235703 -1.996841364
-0.0005929080991 -1.997172081
-0.0001674692194 -1.995936986
0.001624566305 -1.997738367
-0.003187702464 -2.001538525
-0.002396229528 -1.999849575
-0.003394813341 -1.999686989
-0.002363846465 -1.998876971
-0.002046806678 -2.001252775
0 -2.004319683
-0.002081502033 -2.003035369
-0.001040751016 -2.003677526
-0.001040751016 -2.002542722
0 -2.003184879
-0.001471592551 -2.002247276
-0.693351402 -0.3039870696
-0.6295315895 -0.2792388388
-0.5440142679 -0.3422475606
-0.6188701027 -0.349276631
-0.5225647054 -0.271775747
-0.7522692514 -0.4537826174
-0.8878921564 -0.5201732546
-0.737620351 -0.3480001048
-1.008866161 -0.4807813793
-0.8732432561 -0.4143907421
-0.6735553239 -0.3965068093
-1.100798575 -0.5779120336
-2.334699098 -0.3825050206
-1.646560744 -0.8981260976
-1.448775813 -0.577699464
-1.678102684 -0.496973667
-1.184496385e-30 -3.124562324
-1.975456279 -2.935669656
-2.436559696 -1.0983038
-2.878739815 -3.915218047e-30
-0.9493444285 -0.6213710725
-1.061146491 -0.8290477921
-1.156828241 -0.7274475089
-1.370952627 -0.9656088266
-0.01599537477 -2.028593336
0.002719872747 -2.022236151
-1.112322317e-32 -2.037519244
-0.004755198534 -2.01789192
-2.785153997e-30 -2.055768006
-0.0273497269 -2.04603422
-2.241518535e-32 -2.085589338
-0.0310868551 -2.079930407
-3.644081999e-32 -2.280921483
-0.1353627095 -2.139258256
-0.01480158605 -2.427514242
-0.4198610993 -2.445165228
-0.1025162443 -2.279487853
-2.992231724e-30 -2.136305403
-0.04141343596 -2.114396018
-0.235696034 -0.2724925536
-0.2748644864 -0.2347318847
-0.2314377261 -0.2098936918
-0.2061267053 -0.2483352862
-0.4394278707 -0.3354220352
-0.3279555017 -0.3060840271
-0.3808785941 -0.3211867177
-0.3182912468 -0.2595700776
-0.2791227943 -0.2973307465
-0.437035178 -0.2700542276
-0.368752504 -0.2640677448
-0.1675665595 -0.2726913451
-0.1392763996 -0.2668663639
-0.1957812791 -0.3063882596
-0.1415459075 -0.3154923506
-0.1191958535 -0.2573982642
-0.1140580687 -0.3004080542
-0.07187603875 -0.2441766719
-0.09093164728 -0.2717442954
0.0008903337622 0.1410418014
0.02926913871 0.1177951351
0.01626372209 0.1201865612
0.02016237352 0.1398666342
0.03544516218 0.1374882756
0.0008514759687 0.121043828
0.04387455044 0.1150452187
0.008233333634 0.1826019405
-0.01410908715 0.1831570557
0.0007460385127 0.1619815975
0.02020123132 0.1598646076
-0.006677171467 0.204325146
-0.01674623993 0.2252276488
-0.03719267668 0.2250650365
-0.02473221005 0.2461934069
-0.02582723587 0.2645989655
-0.02896421282 0.2043325139
-0.04507305497 0.2451135888
0 0.3287561374
0.003227374083 0.3265588592
0 0.3318265622
0.004205592892 0.3245395126
0.003311157023 0.3297068177
0.007679118462 0.3169510596
0.008470615462 0.327209498
0.01194414103 0.3196210451
0.01665390644 0.3120408758
0.01115264403 0.3093626066
0.02050238967 0.2971748758
0.01285476058 0.2826391514
-0.005750415371 0.2819589457
0.001504033555 0.295318355
-0.00500429789 0.2641890955
0.09132894942 0.01390034155
0.09176104497 0.03034597717
0.1055488431 0.02178746337
0.09837490912 0.003230957095
0.1101789361 -0.02033006055
0.1206828745 -0.001884006149
0.1125845437 0.01114245669
0.1058159618 -0.008377258837
0.07022617943 0.08258523832
0.08978357581 0.04535276006
0.1052149336 0.03920282208
0.05811456446 0.06854172605
0.0836931956 0.07612849067
0.1007025917 0.06203020371
0.07696822739 0.05747988852
0.04938399549 0.1353021646
0.0766770242 0.1263548358
0.09045162906 0.1172127116
0.06743474334 0.1501998438
0.0586640567 0.1121395914
0.09564624703 0.0895360393
0.08225359917 0.09629106192
0.07070781417 0.1041813358
0.05902035624 -0.1305500706
0.05736665805 -0.1533359767
0.07240617898 -0.1427970435
0.07131895648 -0.1219219374
-0.04873492517 -0.2552422969
0.01775835371 -0.1871096644
-0.01831367394 -0.1886373898
0.03670476017 -0.1825972399
-0.0338847306 -0.2339448774
-0.002344802802 -0.2339171101
-0.02076445351 -0.2621147531
-0.001407023178 -0.188713783
0.02631473165 -0.2069283327
0.005392858663 -0.2090246896
-0.02614706913 -0.2090524569
0.06452646768 -0.1867753707
0.07075248078 -0.1655829496
0.04525882071 -0.2007014895
0.05564884923 -0.1763703967
0.07867225643 -0.1105511532
0.08467107028 -0.09768856141
0.08407999557 -0.1292659336
0.09283149347 -0.1135908544
0.08633631321 -0.08377284818
0.09897335988 -0.1010213874
0.0905888639 -0.07355378948
0.1016571654 -0.08707265888
0.1033677113 -0.04781305091
0.1044656407 -0.07401617663
0.09339733919 -0.06049730723
0.1038589377 -0.0603455508
0.1154522828 -0.03380396189
0.1258637194 -0.01424810054
0.1173488753 -0.04690792082
0.1317392423 -0.02933295911
-0.01176054414 -2.005464121
-0.01304038455 -2.010942999
-0.02347044606 -2.024249105
-0.01857443661 -2.006908184
-0.01393665898 -1.999710886
-0.008105921936 -2.001309172
-0.01028431321 -1.995031207
-0.006498466041 -1.997772824
-0.0001389070015 -2.002072945
-0.006379877056 -1.992791348
-0.0005084599565 -1.998294311
2.696785774e-05 -1.998134437
1.722597712e-05 -1.998089114
0.0001009376304 -1.998490277
-0.001365262653 -1.999039556
-0.0005089852166 -1.998284798
-0.0007414683857 -1.997870245
-0.001018346979 -1.998407177
-0.002221862413 -1.997121871
-0.001975374386 -1.995939861
-0.001344457947 -1.994565197
-0.003337157168 -1.996375411
-0.000737933593 -1.997863382
-0.0007060707922 -1.997073631
-0.001106567659 -1.997868331
-1.82524608e-05 -1.997717535
1.92619717e-05 -1.998135176
-1.511737257e-05 -1.997722957
-0.0002413341853 -2.000008246
-0.0005775790469 -1.999221707
-8.13325181e-05 -2.001573785
-0.000635648139 -2.001490768
-0.001397645716 -2.00001216
-0.001097122647 -2.000884456
8.486856868e-05 -2.000762055
0 -2.00226838
0 -2.002050075
7.821787222e-05 -2.001920722
-0.3832712868 -0.3865545253
-0.5961736262 -0.4447124601
-0.5443751677 -0.5029211005
-0.5176460134 -0.4320552605
-0.6778704533 -0.5008467527
-0.4418205634 -0.4007898427
-0.3989761074 -0.4351918384
-0.4735287826 -0.4713141738
-0.6260719948 -0.5590553932
-0.7669181517 -0.55956513
-0.6991073488 -0.6708710284
-0.8536626787 -0.7229713558
-0.4858477613 -2.181095246
-1.568737558 -1.28603546
-0.6587013093 -1.956570136
-0.8672891527 -1.847473635
-1.128017532 -1.317869364
-1.25801544 -1.75061289
-1.153093438 -1.036115435
-0.8545503833 -2.329406541
-0.7749334996 -0.8439500213
-0.9654647414 -0.9306480754
-0.7871127016 -1.016036586
-0.89130918 -1.126789193
-0.062695941 -2.049115533
-0.0450313126 -2.016678123
-0.03148525374 -2.014979984
-0.03471062229 -2.03495052
-0.1092112998 -2.032750387
-0.07759200896 -2.032920354
-0.1619585971 -2.131200534
-0.09235334422 -2.083581146
-0.4093975092 -2.017828765
-0.1883221682 -2.057395444
-0.2924446992 -2.142836746
-0.2849923665 -2.027044262
-0.2748904342 -0.3517341055
-0.1699950886 -0.3476875566
-0.2399543419 -0.3350914154
-0.3268449691 -0.358715057
-0.2579150963 -0.4058871022
-0.3402465751 -0.4088492791
-0.2088112636 -0.3849314994
-0.1425006914 -0.395094663
-0.0346797458 -0.2935839348
-0.09361927111 -0.3987092633
-0.1066381493 -0.3587795963
-0.0573089471 -0.3722575783
-0.08579386251 -0.3147540854
-0.03713061578 -0.3307967608
-0.06265021746 -0.2867114786
0.04440490637 0.1784745321
0.04013993977 0.159115113
0.02772323262 0.1810741706
0.05766323115 0.1665140965
0.02483783196 0.2456202518
0.01414715466 0.2644859608
0.03220602806 0.2021849662
0.005199520877 0.2250884237
0.01505405013 0.2038230868
-0.004771581854 0.2462510986
0.03498443845 0.2246121364
0 0.3351094028
0.005226159514 0.3344577227
0.0106080672 0.3411501115
0 0.3452015929
0.04476889941 0.2654645283
0.01273563803 0.3298794835
0.01810638814 0.3232797628
0.02729048001 0.3281233315
0.01785459464 0.3386582964
0.02433160201 0.3146669584
0.03351569388 0.318303158
0.02967623222 0.2998118946
0.04688001347 0.2872720159
0.03189583446 0.2828471392
0.03910213176 0.3036113374
0.1274514565 0.01763570938
0.1368908015 0.0400130215
0.115876295 0.05695635086
0.1215637432 0.0292211765
0.1450746771 0.02760547616
0.1548508239 0.01263548456
0.142045246 -0.009720768294
0.136169723 0.005364090283
0.1312033533 0.06774819585
0.1289452649 0.092972005
0.1038442769 0.110457689
0.1101888468 0.08469152521
0.1219974244 0.1231365675
0.0751838198 0.1739132499
0.06177709054 0.1884888827
0.08495803471 0.1575988273
0.09547175359 0.1797982968
0.1167702559 0.1449020913
0.09864965894 0.1381343613
0.105304346 0.1608553631
0.08579200171 -0.1550440164
0.09956508615 -0.1370573803
0.08478607828 -0.1759691894
0.1035150537 -0.1615549637
0.006715386668 -0.3004548803
0.02077970873 -0.2621257609
9.498168048e-05 -0.337604902
0.03463633275 -0.2935302692
0.03540906058 -0.2317123577
0.05703681343 -0.2170070185
0.1037921538 -0.1882464972
0.07866456628 -0.2023016793
0.09667267755 -0.221490067
0.0750449247 -0.2361954062
0.04870065481 -0.2552011498
0.1177428856 -0.143872694
0.1274366653 -0.1233838851
0.1147223081 -0.1049510234
0.113792918 -0.1193751106
0.1376059045 -0.1519837514
0.1196878705 -0.075092395
0.1172853647 -0.09096829892
0.1335669772 -0.1075415934
0.1352364852 -0.09021338427
0.1343896937 -0.04310310596
0.137638991 -0.07433748035
0.1374484623 -0.05997420397
0.1220903763 -0.05921649108
0.1690708651 -0.01912003558
0.1613445291 -0.001658181901
0.1518855897 -0.04087377547
0.1488268211 -0.02400267747
-0.03304265005 -1.997452185
-0.01949659119 -2.00144684
-0.02091278643 -1.990167318
-0.01611505026 -1.993432921
-0.01452065424 -1.984126472
-0.004552697092 -1.987095834
-0.004656205397 -1.99086176
-0.01246270449 -1.988753242
0.0004729831028 -2.001656802
0.0001302102993 -2.002013095
0.001247121263 -2.001974138
0.0006391841896 -2.000845072
-6.838360976e-05 -1.989446551
0.001031312612 -1.996369571
0.001524186085 -1.995140346
0.0003792137123 -1.992635609
-2.558572041e-05 -1.997648435
6.655784824e-05 -1.998551156
0.003548737732 -1.992920466
3.813988121e-05 -1.996068933
2.105811496e-05 -1.994121802
6.277080397e-06 -1.996858684
-7.321282217e-05 -1.998132084
0.0005540502123 -1.999226129
0.001160186986 -1.99789443
0.0009994498108 -1.997452497
0.001880755552 -1.998688285
0.0008053852764 -2.000033342
0.001634923075 -2.001132204
0.001758859151 -2.000246558
0 -2.002154419
0.0009746646818 -2.00242527
0 -2.003217164
-0.2617931178 -0.4484559094
-0.3559853931 -0.4597700966
-0.4005010078 -0.6319662506
-0.4925767092 -0.561129741
-0.4221436413 -0.5028713222
-0.3000425936 -0.4947705008
-0.3408610312 -0.5679221982
-0.5723653905 -0.6563854195
-0.6441251171 -0.9098721893
-0.4620046711 -0.7277977876
-0.6319459151 -0.7377856249
-0.5220517028 -0.8431932865
-0.6929974434 -1.639979684
-0.4028488427 -1.766067309
-0.5006267147 -1.848918857
-0.4782334246 -1.72605598
-0.4019451765 -1.902036282
-0.6427818336 -1.324201617
-0.6706041533 -1.517116807
-0.5463112963 -1.184788516
-0.5102645022 -0.9739938429
-0.8374662385 -1.368488673
-0.6205643634 -1.075374258
-0.7312732767 -1.223277933
-0.04658870891 -1.993457529
-0.07743612899 -1.988687611
-0.04446114121 -1.978045094
-0.03445884529 -1.986172663
-0.07390227819 -1.968172811
-0.09955223786 -1.94865288
-0.1304185336 -1.911537588
-0.2048390765 -1.855891781
-0.1342926777 -1.981928398
-0.18959615 -1.954291068
-0.3002571475 -1.818236136
-0.2775400338 -1.911251779
-0.2049391209 -1.771515064
0.03807059455 -0.3314929444
0.05972388408 -0.3719971412
-0.1255165122 -0.4426859461
-0.2063433102 -0.4829593061
-0.192494928 -0.435853949
-0.1429031369 -0.4907245744
-0.06698451689 -0.4400416865
0.06767553037 -0.4081411049
-0.02381337907 -0.4694995599
-0.03067419289 -0.4135900015
-0.08078107366 -0.4979184303
0.01228620832 -0.3868525301
0.006758902749 -0.4360782673
0 0.3552937831
0.01391971305 0.3513766793
0 0.3685365716
0.05136558979 0.2229427377
0.07669632265 0.2224225365
0.08201694287 0.1933299406
0.0596957299 0.2677884858
0.04827077909 0.200902295
0.07952978908 0.2442193593
0.05490854413 0.245400931
0.08546598973 0.2688621826
0.03542896048 0.336007377
0.01376895779 0.3644699267
0.03160285839 0.3611932702
0.0226020234 0.3422643513
0.06210478572 0.2940934946
0.04630842907 0.3243755356
0.04470314106 0.3489945526
0.05962938649 0.334084494
0.05408631077 0.3080362141
0.07267924045 0.3176678384
0.08095989667 0.296261216
0.1812623201 0.005104057991
0.1633316283 0.03618156154
0.1743566233 0.06302309657
0.1519781613 0.07851033475
0.1555351653 0.04936701095
0.1729048845 0.02131470785
0.1846929604 0.04890412206
0.196423484 0.03212320192
0.1484211573 0.1076536585
0.1707996193 0.09216642036
0.1673132508 0.1227446196
0.1425813106 0.1269659162
0.133608191 0.1440431232
0.110494858 0.2148226938
0.1168127194 0.1852066755
0.1599730412 0.1454428142
0.1284185693 0.1635742273
0.1390811181 0.2056503031
0.1515131538 0.1833242301
0.1730349715 -0.0351655098
0.1440197782 -0.1906987413
0.1427010471 -0.1691326985
0.1216928531 -0.1683702774
0.1214425518 -0.2027040363
0.06255727884 -0.2866056581
0.09109686991 -0.2620654373
0.08550827031 -0.3166375555
0.143871666 -0.2242770291
0.1162556839 -0.2845739256
0.1401349324 -0.2605476011
0.1146807888 -0.2406784547
0.1520781435 -0.1282440065
0.1737329792 -0.1336270031
0.1537251679 -0.1108741576
0.1638059065 -0.1866442545
0.1821866805 -0.1519095672
0.1577798323 -0.14702906
0.1628749748 -0.1641780071
0.155258224 -0.09351256698
0.1580236525 -0.0556191906
0.1784988285 -0.1116917665
0.1566409383 -0.07456587879
0.1755999331 -0.05204070384
0.1796327983 -0.07158308568
0.178250084 -0.09052977387
0.2147793478 -0.003607121686
0.1947596435 -0.03060138862
0.1896197557 -0.01110659187
0.2047809196 0.01591255206
-0.02232898168 -1.978887797
-0.02759297127 -1.967531159
-0.008856667262 -1.983050566
-0.009065549044 -1.973335021
2.753916429e-05 -1.977573651
-0.0001639074345 -1.986540628
0.003453213907 -1.990014543
0.00716672773 -1.985204721
0.002008929708 -2.002731692
0.003696540243 -2.003613242
0.0009746646818 -2.003488015
0.002606465846 -2.001365974
0.008028132048 -1.996634187
0.004066219372 -1.995441316
0.005378713465 -1.998065292
0.00557284134 -1.993315317
0.002284511184 -1.997727394
0.009721152028 -1.990638141
0.002488469296 -1.998622311
0.005209346986 -1.999533877
0.003204001983 -2.000000257
0.00429407638 -2.002247525
0.01217644274 -1.993957011
0 -2.0038396
0 -2.006708435
0.002631065108 -2.004875539
-0.2278551935 -0.5188548769
-0.1696368676 -0.5416748878
-0.2688129728 -0.6072949677
-0.1834889597 -0.6208600462
-0.2366341756 -0.810535139
-0.2901402884 -0.7033786187
-0.352844563 -0.7938685483
-0.224446739 -0.709300137
-0.4360114351 -1.083408101
-0.2787641778 -0.9249413456
-0.3999646411 -0.8726134279
-0.3189926233 -1.044077672
-0.2980997297 -1.584312221
-0.3784268991 -1.65194795
-0.3730868488 -1.514325033
-0.4724011837 -1.444522245
-0.4558401344 -1.603193103
-0.3152622662 -1.710034637
-0.2187794785 -1.687402611
-0.3489357423 -1.229065518
-0.3641933622 -1.370854241
-0.4720582292 -1.294202774
-0.03598548026 -1.958695122
-0.05186891077 -1.937270047
-0.01791067114 -1.94423746
-0.01825743012 -1.963811604
-0.03527143028 -1.885033598
-0.03554860785 -1.923768916
-0.09567809377 -1.878262069
-0.06481179799 -1.915377361
-0.1265443896 -1.841146778
-0.0610870055 -1.786551696
-0.06409249209 -1.835893176
-0.137665551 -1.749435722
-0.2100206182 -1.562008781
-0.06776169515 -1.712083675
-0.1093129905 -1.577833988
-0.1439672771 -1.672689929
-0.06763525039 -1.654174322
0.1748878053 -0.3651343397
0.1399453472 -0.3151690315
0.1266655273 -0.3932858823
0.1071615598 -0.3571417522
0.2036684727 -0.3274971097
0.1604599913 -0.4727716119
0.1417488965 -0.4305645246
0.07798743078 -0.4632707393
0.1983931572 -0.4041890178
-0.1112340982 -0.6364701257
-0.02533797994 -0.5940007388
-0.09573947753 -0.5495909807
-0.04224133246 -0.5211046771
0.02758330941 -0.5674420395
0.09886231136 -0.5100547499
0.01222183582 -0.4983821469
0 0.3871553531
0.02382226692 0.3832965275
0 0.4102297937
0.1041769965 0.2444387121
0.1282759318 0.2725399921
0.1327632566 0.2352663214
0.1031347465 0.2711452374
0.09163604412 0.3235609952
0.1123968574 0.3318026972
0.124937162 0.2998255421
0.09979597676 0.2984307875
0.04006625621 0.3728340559
0.07769195709 0.3829049868
0.06231211463 0.3642654883
0.05298823336 0.3986032377
0.02454416532 0.4070000242
0.09730609043 0.3559206242
0.07782594692 0.3418325332
0.1933356688 0.1075636043
0.2199420836 0.04293169599
0.1931780814 0.07667918218
0.2155742757 0.1133622399
0.232026157 0.0788842861
0.2072030275 0.06083407192
0.2472810473 0.05928933399
0.2286674379 0.02574506908
0.1778780039 0.1847239211
0.1863378914 0.1468425051
0.2098478162 0.1510257966
0.213166919 0.1784703925
0.1905470052 0.2596102696
0.1578966314 0.2657656998
0.1694181165 0.222605337
0.1980977536 0.2254615548
0.2208134031 -0.02212455583
0.2035120725 -0.06975554469
0.1995371428 -0.05022925711
0.2321219042 -0.06340490143
0.2278487775 -0.04406052802
0.1880770569 -0.1741918461
0.1990096597 -0.2200201193
0.2051027734 -0.2868257711
0.1664488925 -0.2122717341
0.1684626402 -0.2412465631
0.2014882085 -0.2563396837
0.1652937464 -0.2830560893
0.2325196581 -0.08527024453
0.2360145897 -0.110312787
0.2040057057 -0.1133667679
0.2326379364 -0.1341146942
0.2213806869 -0.1777885148
0.2008165539 -0.1394109879
0.2012419441 -0.08754698076
0.2404404078 0.008182012553
0.2791706591 0.01225039773
0.2474757822 -0.01375395964
0.2575871656 0.04235408938
0.007136828473 -1.977436663
-0.0001972389995 -1.949348961
0.001099719008 -1.968541654
0.01613979438 -1.965945694
0.01526348719 -1.984752326
0.02684161183 -1.98994097
0.02217690384 -1.974840702
0.01772923264 -1.991957402
0.01297496178 -2.006387068
0.005384150778 -2.004494793
0.008099591155 -2.000152974
0.02930735728 -1.997146046
0.01882705243 -2.007515996
0.02019497809 -1.999162478
0.006721577772 -2.011897478
0 -2.01543947
0.0019191118 -2.007647338
0.007356338237 -2.00307763
0.009652758814 -2.008952267
0.01401032339 -2.000769063
0 -2.008110461
0.2426330247 -0.2600746228
-0.02592517481 -0.8096186938
-0.1267287189 -0.7233492707
-0.1378344108 -0.8292745529
-0.04083260061 -0.6808798838
-0.1870171516 -1.063756445
-0.07063749997 -0.9987585083
-0.03563668472 -0.9257038673
-0.1467887061 -0.9446201181
-0.110108516 -1.123317343
-0.1413644216 -1.227248671
-0.1753663316 -1.46715284
-0.2272455971 -1.182892772
-0.2760739592 -1.451327633
-0.2559390326 -1.316144958
-0.1663446975 -1.353396987
-0.000173328952 -1.802492077
0.0001985236301 -1.932914207
0.0570309887 -1.821441349
0.0004757012 -1.890818496
0.03971902307 -1.868432163
0.0394418455 -1.910527874
0.00075287877 -1.848722786
0.01717398758 -1.947568449
-0.0652613107 -1.371464866
0.05896786072 -1.771118301
-0.0002682888026 -1.76221674
0.0681337997 -1.71267007
-0.0001418440342 -1.704307387
-0.07465870399 -1.482978048
-1.539926581e-05 -1.646398033
0.05247371803 -1.586536232
0.06784565079 -1.654199098
0.01829650195 -1.501239814
-0.03432162985 -1.56724394
0.01879086444 -1.404920804
0.2462475896 -0.2905607102
0.2451237178 -0.3343378438
0.2854682371 -0.3284134821
0.2821863513 -0.2841771762
0.2419557101 -0.3836622713
0.2862629603 -0.3727454672
0.2943579281 -0.4167640707
0.2171042521 -0.4463961052
0.1804057216 -0.5255988266
0.205054057 -0.5989092635
0.04506351765 -0.6384104969
0.1393701433 -0.6577497448
0.05969731576 -0.7669874572
0.1142237849 -0.5791146425
0.2740001672 -0.492712308
0.1573878306 -0.7828994951
0.04146802867 0.4325157017
0 0.4417375065
0 0.4819037747
0.1804269739 0.3486563161
0.1843324264 0.2993975918
0.1358646905 0.3381118116
0.1571630936 0.3041192718
0.09092321877 0.449393126
0.04146802867 0.4726819699
0.1256022136 0.423457121
0.09717210061 0.3969930778
0.1145662875 0.3721043514
0.08293605733 0.4232938969
0.1591285708 0.3826488559
0.2320864231 0.1568244322
0.2726755494 0.1610093546
0.2405447069 0.1871075195
0.2579574907 0.1162927652
0.2893032042 0.1187825176
0.3238180539 0.08048464994
0.2969511138 0.04812624306
0.2753676202 0.07822993471
0.2132177019 0.3482599919
0.274925876 0.1920194291
0.2341536995 0.2181508071
0.2281945099 0.263750736
0.2948304768 0.2510901311
0.2150554161 0.3043533295
0.2639978316 0.3420160736
0.2816913831 0.2916927247
0.257143879 -0.03426420968
0.2675695101 -0.1084459005
0.2641649136 -0.08381121307
0.2971392103 -0.0461490798
0.2863119855 -0.009003920091
0.2606543963 -0.05903771138
0.3006497276 -0.07092258149
0.2738894099 -0.2537327926
0.2390184599 -0.2295885355
0.2932827739 -0.2110545543
0.2564982794 -0.1825448961
0.3138699612 -0.1603263527
0.2677555289 -0.1388710754
0.3071104211 -0.09718769794
0.3185346073 0.0180225514
0.3766419341 0.002436748271
0.3459634947 0.05092360213
0.3325369862 -0.02174418032
0.05614230156 -1.930480472
0.06465985392 -1.976169008
0.03678652261 -1.982143802
0.03117986974 -1.963349734
0.02793943162 -2.008634655
0.06317112159 -1.999230339
0.03733715207 -2.014477466
0.01462069499 -2.027371612
0.006063865626 -2.019226487
0 -2.037879915
0.02315789894 -2.02382962
-0.002473338321 -2.022768479
0.03841973646 -1.995129614
0.01460106957 -2.015684495
0.3265920249 -0.3187904506
0.3371862924 -0.231675381
0.36737894 -0.2596970587
0.3140727917 -0.2715515384
0.02725592499 -1.29706194
0.07758479712 -0.8974889573
0.1289105317 -1.031212932
0.008632544856 -1.06180396
0.04644040249 -0.9858148213
0.1764966405 -0.9070246379
-0.02296224205 -1.164833204
-0.0577267719 -1.266720218
0.06584091057 -1.219556235
0.09487310315 -1.115603549
0.1353669421 -1.728149703
0.1262010031 -1.786597935
0.1653648484 -1.905020098
0.1068211515 -1.840861162
0.07868516737 -1.88814154
0.1915448436 -1.780695874
0.1805671733 -1.850986216
0.08826366609 -1.947578556
0.1122386219 -1.327403662
0.1126273337 -1.425291893
0.1508236075 -1.249897957
0.1971487021 -1.385575167
0.1445328811 -1.669701472
0.2225443706 -1.640363432
0.1289771378 -1.594479902
0.2030195129 -1.714180786
0.1028214148 -1.520411292
0.1901948809 -1.487290848
0.2062809482 -1.563185231
0.2255519463 -1.032470744
0.3821558019 -0.3056057895
0.3839845919 -0.3856061963
0.3386651784 -0.4058472667
0.3305702105 -0.3618286631
0.3941487948 -0.5420522086
0.2986485026 -0.5660227449
0.4074793307 -0.4281716214
0.356489948 -0.4569496589
0.3386946426 -0.6578162153
0.2297023924 -0.6722197004
0.3051658827 -0.9968038721
0.3547171978 -0.8942398258
0.2616239295 -0.9112276603
0.3250100542 -0.7690957883
0.2449536257 -0.7892437902
0 0.5220700429
0 0.622536954
0.08296057825 0.5176865731
0.2599758039 0.3945715478
0.2425498859 0.4867485419
0.2036908542 0.3931933603
0.171347326 0.4497165911
0.1085331265 0.4387975066
0.0977951813 0.6100623633
0.1826526226 0.5287663293
0.302851416 0.4934248961
0.2952736939 0.1622968331
0.4075529945 0.03264460812
0.342311919 0.1223289013
0.3851978393 0.1632164576
0.4252016522 0.1098836631
0.3721547101 0.08095997804
0.3291345054 0.217692365
0.294117935 0.39196514
0.34832735 0.2790321199
0.4329298825 0.5000690555
0.4135542357 0.3520220348
0.4484752565 0.303069251
0.3371292377 0.342429614
0.4190586509 0.2186119895
0.3492571388 -0.0579092678
0.4092518207 -0.1009661766
0.3564940661 -0.1869838116
0.3829217482 -0.03839185148
0.4128702844 -0.1655034485
0.3930675411 -0.2117044491
0.3528756024 -0.1224465397
0.5093526437 -0.02266044571
0.4605999366 0.06156829318
0.4578369972 -0.0863468441
0.4323366355 -0.02404489422
0.5523661832 0.4601259503
0.05937573795 -2.057487201
0.06708030114 -2.014268893
0.04135622646 -2.06906147
0.01201471381 -2.042958398
0.1583935488 -1.974915027
-0.006004797687 -2.054532667
0.09642181379 -2.031718102
0.104126377 -1.988324586
0.0300342253 -2.031384128
0 -2.097160237
0.4352467976 -0.3161308986
0.4485413976 -0.2008061783
0.4157121495 -0.2324523469
0.4922109273 -0.2835041163
0.189408593 -1.172392251
0.2341573083 -1.305112363
0.3182136339 -1.223516253
0.2749808185 -1.128734378
0.1794251573 -2.02614181
0.2573379654 -1.854717578
0.2676872846 -1.764797508
0.3565846552 -1.819581603
0.2872121423 -1.690980154
0.33775231 -1.908195009
0.2354947312 -1.96772985
0.2838549629 -2.030766245
0.3960851969 -1.483949436
0.4169006085 -1.575323031
0.2775683471 -1.454170403
0.3640056739 -1.370075873
0.3881182653 -1.733955008
0.3097404816 -1.60595917
0.2936544144 -1.530064786
0.3574677168 -1.087164442
0.4035522742 -0.972566095
0.4069786209 -1.187991273
0.4954714515 -1.083029017
0.5117455754 -0.367182668
0.4451381775 -0.5132741711
0.51055556 -0.4543778727
0.4584687134 -0.3993935839
0.4447019617 -0.746820711
0.5164405189 -0.5754138882
0.5300021394 -0.6963683018
0.5491051222 -0.8244069936
0.4318076416 -0.6271547583
0.4392481538 -0.8809081574
0.5347853168 -0.9676020375
0.08705723614 0.7813272201
0.2567721188 0.618735152
0.3835565724 0.4659124814
0.7428914505 0.5178134091
0.583275103 1.119419241
0 1.01865059
0.407319087 1.019205577
0.1719146775 0.700031186
0.57174183 0.6081729709
0.5990327675 0.1448985798
0.4751678393 0.1610503687
0.4930061127 0.2389223062
0.735409878 0.3582558645
0.6397932259 0.2210002207
0.5277116294 0.07287274905
0.5329905364 0.3120789296
0.8128265401 0.2353721896
0.4692465026 -0.1440230854
0.5328270033 -0.0891619123
0.5689100425 -0.1516739098
0.5245111039 -0.2341609143
0.5900791467 -0.009098746376
0.6515765575 0.05672096012
0.6261621859 -0.07161074389
0.9286792205 0.1948584311
1.37924733 0.5101375532
0.6875998933 0.5125744647
0.9471961486 0.3206603833
0 -2.146335259
0.1750966198 -2.08540407
0.04509937724 -2.114155072
0.08871725061 -2.083590274
0 -2.231626196
0.07983353805 -2.199446012
0.6296478477 -0.2419393038
0.646729524 -0.306480548
0.6208195985 -0.3683192729
0.5687097051 -0.3345558857
0.5771431087 -0.4157305657
0.514625851 -1.700473829
0.6244384724 -1.299330557
0.5449823556 -1.183855848
0.4933821727 -1.411959123
0.4590165277 -1.284577526
0.5619649012 -1.795876469
0.2428550879 -2.16286501
0.5439262394 -2.304635938
0.4369989998 -1.873059034
0.1207715286 -2.30122126
0.3792495205 -2.058572754
0.6350070989 -1.988592651
0.6588041174 -1.426712154
0.6109531336 -1.622033029
0.5434081942 -1.541841851
0.6257897267 -1.092383726
0.7140989938 -1.19392463
0.7957501452 -1.011575987
0.6448716918 -0.9113471573
0.618815688 -0.6276830849
0.6319141479 -0.4543564476
0.5893198285 -0.5034256526
0.6672777681 -0.5312657514
0.6628738911 -0.7692327714
0.7112011151 -0.6684402386
0.7742363804 -0.8321541764
2.070894768 0.5077006416
1.638843586 0.3182234717
1.523873847 0
1.087239786 0.08743282061
0.9254465204 0.05157768638
0.7228976956 0.1287467908
1.01189276 -0.0118481744
0.9286349201 -0.04576369031
0.8446882853 0.08164163505
0.8234052019 -0.009509956536
0.7005702073 -0.2039389574
0.6622452251 -0.1341227414
0.7195665104 -0.0166868236
0.7824547377 -0.1484712461
1.297387122 0.107599928
1.170209197 0.01767568367
1.281376932 0.03892678569
1.352966606 0.07670271312
0 -3.120549769
0.4218426801 -2.442992188
0 -2.316917133
0.8446162864 -0.3187322543
0.6994251498 -0.3419268446
0.8145415475 -0.2129049821
0.7208631876 -0.4784463831
0.8086162614 -0.3897706512
0.7253350753 -0.2800881197
0.6614128814 -0.3896876764
1.100213136 -1.282659408
0.6526786792 -2.007227281
1.210000919 -1.629458441
0.5842095072 -2.935811551
0.8840594123 -1.113116891
0.5640826196 -1.83104816
0.8024082609 -1.295465534
0.9588741224 -1.38135775
0.844997391 -2.446406865
0.7732651159 -1.529064126
0.9657105637 -0.9307682489
0.8680665676 -0.4785293578
0.9803160354 -0.7757204131
0.7608395504 -0.5282913167
0.8800706783 -0.5710502357
0.8610849075 -0.7329614942
1.152956946 -1.082128194
1.408546091 0.04580549828
1.336956417 0.008029570848
1.37445792 0
1.330951322 0.002598350222
1.321976853 -0.07590091421
1.100000443 -0.07224856061
1.234679835 -0.1284104047
1.196413969 -0.05099745859
0.9921904993 -0.115965173
0.8862934293 -0.1412943791
1.143246191 -0.1541544698
1.035724082 -0.1921333505
1.265366742 -0.02974635658
0.9282601941 -0.2541962608
0 -3.803054812
2.289433989 -2.248601018
2.335909207 -0.383155267
2.48082359 0
1.111672199 -0.3994475065
0.9654611055 -0.3829397063
1.712126382 -0.8665124886
1.169436042 -0.4846503718
1.268424929 -0.6941472133
1.383906578 -0.7331326937
0.9832512811 -0.4826047202
1.2225558 -0.8601179573
1.008085263 -0.6116356354
1.07658058 -0.3058648125
1.356162994 0
1.403917688 0
1.357349515 -0.05571002469
1.935069953 -0.383155267
1.856920375 0
2.079984336 0
1.387003659 -0.3430400875
1.442708949 -0.4266902978
1.274102891 -0.175664152
1.327594439 -0.2483469766
1.226271065 -0.3225314924
1.405104209 -0.05571002469
1.358536037 -0.1114200494
1.186805873 -0.2281736425
1.786824955 -0.4960797602
1.411612632 -0.177240013
1.33078682 -0.3576651082
1.717355796 -0.239867643
1.633983277 -0.3606547586
1.451672382 0
1.564514118 -0.1044426415
1.464508388 -0.1202571127
1.647886637 0.01634447412
1.481141599 -0.2252297571
1.547984107 0
