53.9648
52.9186
51.8442
50.7827
49.7516
48.7604
47.8147
46.917
46.0685
45.269
44.5175
43.8124
43.1519
42.534
41.9565
41.4171
40.9138
40.4443
40.0067
39.5988
39.2189
38.865
38.5355
38.2288
37.9433
37.6776
37.4304
37.2004
36.9864
36.7874
36.6023
36.4301
36.2699
36.121
35.9824
35.8536
35.7339
35.6225
35.5189
35.4226
35.3331
35.2498
35.1724
35.1004
35.0335
34.9712
34.9134
34.8596
34.8096
34.7631
34.7198
34.6796
34.6423
34.6075
34.5752
34.5452
34.5172
34.4913
34.4671
34.4447
34.4238
34.4044
34.3864
34.3696
34.354
34.3396
34.3261
34.3135
34.3019
34.2911
34.281
34.2716
34.2629
34.2549
34.2473
34.2403
34.2338
34.2278
34.2222
34.2169
34.2121
34.2076
34.2034
34.1995
34.1958
34.1925
34.1893
34.1864
34.1837
34.1812
34.1788
34.1767
34.1746
34.1727
34.171
34.1694
34.1679
34.1664
34.1651
34.1639
34.1628
34.1617
34.1608
34.1599
34.159
34.1582
34.1575
34.1568
34.1562
34.1556
34.1551
34.1545
34.1541
34.1536
34.1532
34.1528
34.1525
34.1522
34.1519
34.1516
34.1513
34.1511
34.1508
34.1506
34.1504
34.1503
34.1501
34.1499
34.1498
34.1496
34.1495
34.1494
34.1493
34.1492
34.1491
34.149
34.1489
34.1488
34.1488
34.1487
34.1486
34.1486
34.1485
34.1485
34.1484
34.1484
34.1484
34.1483
34.1483
34.1483
34.1482
34.1482
34.1482
34.1481
34.1481
34.1481
34.1481
34.1481
34.1481
34.148
34.148
34.148
34.148
34.148
34.148
34.148
34.148
34.1479
34.1479
34.1479
34.1479
34.1479
34.1479
34.1479
34.1479
34.1479
34.1479
34.1479
34.1479
34.1479
34.1479
34.1479
34.1479
34.1479
34.1479
34.1479
34.1479
34.1479
34.1479
34.1479
34.1479
34.1479
34.1479
34.1479
34.1478
34.1478
34.1478
34.1478
34.1478
34.1478
34.1478
34.1478
34.1478
34.1478
34.1478
34.1478
34.1478
34.1478
34.1478
34.1478
34.1478
34.1478
34.1478
34.1478
34.1478
34.1478
34.1478
34.1478
34.1478
34.1478
34.1478
34.1478
34.1478
34.1478
34.1478
34.1478
34.1478
34.1478
34.1478
34.1478
34.1478
34.1478
34.1478
34.1478
34.1478
34.1478
34.1478
34.1478
34.1478
34.1478
34.1478
34.1478
34.1478
34.1478
34.1478
34.1478
34.1478
34.1478
34.1478
34.1478
34.1478
34.1478
34.1478
34.1478
34.1478
34.1478
34.1478
34.1478
34.1478
34.1478
34.1478
34.1478
34.1478
34.1478
34.1478
34.1478
34.1478
34.1478
34.1478
34.1478
34.1478
34.1478
34.1478
34.1478
34.1478
34.1478
34.1478
34.1478
34.1478
34.1478
34.1478
34.1478
34.1478
34.1478
34.1478
34.1478
34.1478
34.1478
34.1478
34.1478
34.1478
34.1478
34.1478
34.1478
34.1478
34.1478
34.1478
34.1478
34.1478
34.1478
34.1478
34.1478
34.1478
34.1478
34.1478
34.1478
34.1478
34.1478
34.1478
34.1478
34.1478
34.1478
34.1478
34.1478
34.1478
34.1478
34.1478
34.1478
34.1478
34.1478
34.1478
34.1478
34.1478
34.1478
34.1478
34.1478
34.1478
34.1478
34.1478
34.1478
34.1478
34.1478
34.1478
34.1478
34.1478
34.1478
34.1478
34.1478
34.1478
34.1478
34.1478
34.1478
34.1478
34.1478
34.1478
34.1478
34.1478
34.1478
34.1478
34.1478
34.1478
34.1478
34.1478
34.1478
34.1478
34.1478
34.1478
34.1478
34.1478
34.1478
34.1478
34.1478
34.1478
34.1478
34.1478
34.1478
34.1478
34.1478
34.1478
34.1478
34.1478
34.1478
34.1478
34.1478
34.1478
34.1478
34.1478
34.1478
34.1478
34.1478
34.1478
34.1478
34.1478
34.1478
34.1478
34.1478
34.1478
34.1478
34.1478
34.1478
34.1478
34.1478
34.1478
34.1478
34.1478
34.1478
34.1478
34.1478
34.1478
34.1478
34.1478
34.1478
34.1478
34.1478
34.1478
34.1478
34.1478
34.1478
34.1478
34.1478
34.1478
34.1478
34.1478
34.1478
34.1478
34.1478
34.1478
34.1478
34.1478
34.1478
34.1478
34.1478
34.1478
34.1478
34.1478
34.1478
34.1478
34.1478
34.1478
34.1478
34.1478
34.1478
34.1478
34.1478
34.1478
34.1478
34.1478
34.1478
34.1478
34.1478
34.1478
34.1478
34.1478
34.1478
34.1478
34.1478
34.1478
34.1478
34.1478
34.1478
34.1478
34.1478
34.1478
34.1478
34.1478
34.1478
34.1478
34.1478
34.1478
34.1478
34.1478
34.1478
34.1478
34.1478
34.1478
34.1478
34.1478
34.1478
34.1478
34.1478
34.1478
34.1478
34.1478
34.1478
34.1478
34.1478
34.1478
34.1478
34.1478
34.1478
34.1478
34.1478
34.1478
34.1478
34.1478
34.1478
34.1478
34.1478
34.1478
34.1478
34.1478
34.1478
34.1478
34.1478
34.1478
34.1478
34.1478
34.1478
34.1478
34.1478
34.1478
34.1478
34.1478
34.1478
34.1478
34.1478
34.1478
34.1478
34.1478
34.1478
34.1478
34.1478
34.1478
34.1478
34.1478
34.1478
34.1478
34.1478
34.1478
34.1478
34.1478
34.1478
34.1478
34.1478
34.1478
34.1478
34.1478
34.1478
34.1478
34.1478
34.1478
34.1478
34.1478
34.1478
34.1478
34.1478
34.1478
34.1478
34.1478
34.1478
34.1478
34.1478
34.1478
34.1478
34.1478
34.1478
34.1478
34.1478
34.1478
34.1478
